0.48 0.995
0.48 0.995
0.48 0.995
0.03 0.98
0.08 0.905
0.165 0.845
0.25 0.995
0.25 0.995
0.25 0.995
0.075 0.91
0.31 0.865
0.315 0.87
0.11 0.36
0.105 0.47
0.305 0.82
0.21 0.92
0.23 0.92
0.215 0.91
0.02 0.865
0.14 0.39
0.305 0.82
0.04 0.68
0.02 0.825
0.08 0.69
0.22 0.91
0.19 0.92
0.19 0.915
0.25 0.97
0.265 0.99
0.27 0.98
0.275 0.975
0.225 0.965
0.225 0.965
0.185 0.905
0.23 0.905
0.165 0.995
0.26 0.96
0.265 0.96
0.23 0.965
0.23 0.975
0.27 0.98
0.225 0.97
0.165 0.95
0.26 0.91
0.16 0.965
0.055 0.52
0.435 0.795
0.41 0.79
0.505 0.755
0.61 0.615
0.12 0.21
0.295 0.835
0.355 0.845
0.38 0.885
0.885 0.68
0.145 0.245
0.12 0.21
0.015 0.935
0.055 0.09
0.3 0.845
0.285 0.915
0.15 0.94
0.3 0.935
0.305 0.985
0.275 0.925
0.27 0.91
0.25 0.995
0.25 0.995
0.25 0.995
0.25 0.995
0.25 0.995
0.25 0.995
0.25 0.995
0.25 0.995
0.25 0.995
0.24 0.91
0.24 0.905
0.275 0.915
0.145 0.945
0.195 0.89
0.135 0.945
0.045 0.91
0.115 0.065
0.015 0.095
0.105 0.05
0.1 0.865
0.1 0.065
0.29 0.93
0.31 0.975
0.315 0.965
0.315 0.925
0.32 0.935
0.18 0.865
0.26 0.96
0.21 0.965
0.215 0.955
0.25 0.995
0.25 0.995
0.25 0.995
0.21 0.965
0.265 0.96
0.26 0.955
0.13 0.905
0.23 0.875
0.155 0.875
0.155 0.93
0.18 0.9
0.205 0.89
0.345 0.905
0.345 0.89
0.03 0.94
0.815 0.745
0.245 0.21
0.545 0.75
0.08 0.79
0.365 0.945
0.01 0.735
0.315 0.9
0.23 0.875
0.24 0.87
0.065 0.99
0.09 0.97
0.105 0.015
0.3 0.925
0.14 0.99
0.315 0.97
0.205 0.95
0.195 0.985
0.195 0.965
0.215 0.955
0.275 0.975
0.2 0.96
0.25 0.995
0.25 0.995
0.25 0.995
0.25 0.995
0.25 0.995
0.25 0.995
0.14 0.955
0.15 0.995
0.22 0.9
0.295 0.91
0.15 0.91
0.16 0.91
0.195 0.95
0.265 0.95
0.245 0.95
0.045 0.025
0.1 0.905
0.175 0.86
0 0.82
0.01 0.81
0.035 0.76
0.07 0.935
0.16 0.855
0.16 0.865
0.26 0.945
0.26 0.945
0.245 0.95
0.125 0.995
0.16 0.895
0.28 0.905
0.265 0.9
0.3 0.935
0.155 0.93
0.25 0.995
0.25 0.995
0.25 0.995
0.25 0.995
0.25 0.995
0.25 0.995
0.2 0.965
0.255 0.95
0.21 0.955
0.215 0.95
0.28 0.965
0.205 0.955
0.13 0.955
0.215 0.885
0.275 0.9
0.09 0.935
0.1 0.905
0.08 0.015
0.055 0.01
0.1 0.915
0.105 0.92
0.375 0.82
0.125 0.355
0.04 0.735
0.985 0.835
0.24 0.09
0.18 0.195
0.955 0.805
0.45 0.97
0.62 0.795
0.61 0.4
0.585 0.405
0.545 0.775
0.58 0.715
0.54 0.935
0.53 0.92
0.07 0.91
0.08 0.055
0.085 0.06
0.265 0.88
0.22 0.88
0.1 0.945
0.11 0.99
0.115 0.965
0.33 0.97
0.25 0.995
0.25 0.995
0.25 0.995
0.25 0.995
0.25 0.995
0.25 0.995
0.25 0.995
0.25 0.995
0.25 0.995
0.15 0.895
0.075 0.005
0.115 0.925
0.185 0.875
0.215 0.87
0.195 0.865
0.015 0.95
0.34 0.89
0.05 0.06
0.34 0.855
0.12 0.83
0.04 0.9
0.08 0.94
0.21 0.86
0.12 0.87
0.105 0.045
0.075 0.9
0.34 0.87
0.245 0.945
0.19 0.96
0.26 0.94
0.27 0.98
0.24 0.965
0.27 0.965
0.21 0.945
0.285 0.975
0.185 0.96
0.315 0.865
0.34 0.885
0.065 0.89
0.275 0.87
0.31 0.88
0.34 0.925
0.085 0.855
0.1 0.84
0.04 0.9
0.83 0.62
0.175 0.565
0.77 0.635
0.105 0.8
0.08 0.825
0.035 0.37
0.325 0.85
0.08 0.08
0.085 0.09
0.13 0.945
0.14 0.945
0.165 0.9
0.24 0.905
0.23 0.91
0.245 0.91
0.26 0.935
0.28 0.96
0.245 0.935
0.26 0.965
0.235 0.97
0.265 0.965
0.25 0.995
0.25 0.995
0.25 0.995
0.25 0.995
0.25 0.995
0.25 0.995
0.26 0.93
0.29 0.975
0.29 0.975
0.205 0.92
0.175 0.965
0.19 0.94
0.22 0.955
0.2 0.975
0.26 0.96
0.24 0.885
0.305 0.925
0.29 0.91
0.1 0.91
0.21 0.86
0.1 0.945
0.195 0.88
0.275 0.89
0.23 0.89
0.205 0.96
0.195 0.975
0.275 0.99
0.28 0.945
0.17 0.965
0.185 0.945
0.25 0.93
0.175 0.955
0.185 0.95
0.25 0.995
0.25 0.995
0.25 0.995
0.25 0.995
0.25 0.995
0.25 0.995
0.21 0.99
0.215 0.965
0.205 0.99
0.245 0.935
0.25 0.93
0.24 0.935
0.155 0.985
0.22 0.9
0.155 0.955
0.145 0.92
0.12 0.97
0.135 0.94
0.105 0.07
0.06 0.425
0.135 0.035
0.08 0.78
0.095 0.75
0.075 0.725
0.36 0.385
0.51 0.5
0.77 0.635
0.355 0.61
0.46 0.745
0 0.575
0.135 0.82
0.08 0.835
0.055 0.36
0.41 0.615
0.14 0.475
0.345 0.63
0.24 0.86
0.14 0.86
0.07 0.91
0.15 0.895
0.11 0.96
0.065 0.01
0.025 0.02
0.27 0.86
0.075 0.055
0.11 0.51
0.155 0.655
0.17 0.715
0.02 0.9
0.39 0.83
0.025 0.71
0.195 0.385
0.395 0.5
0 0.575
0.27 0.83
0.36 0.855
0.035 0.455
0.055 0.955
0.055 0.02
0.075 0.92
0.12 0.9
0.1 0.955
0.115 0.9
0.12 0.99
0.23 0.89
0.155 0.895
0.16 0.945
0.245 0.915
0.305 0.975
0.265 0.93
0.2 0.93
0.205 0.92
0.275 0.915
0.295 0.95
0.15 0.99
0.185 0.955
0.275 0.955
0.26 0.935
0.225 0.94
0.21 0.945
0.195 0.94
0.25 0.995
0.25 0.995
0.25 0.995
0.25 0.995
0.25 0.995
0.25 0.995
0.25 0.995
0.25 0.995
0.25 0.995
0.22 0.975
0.245 0.97
0.235 0.98
0.25 0.95
0.195 0.965
0.275 0.975
0.215 0.985
0.23 0.97
0.235 0.98
0.25 0.995
0.25 0.995
0.25 0.995
0.25 0.995
0.25 0.995
0.25 0.995
0.25 0.995
0.25 0.995
0.25 0.995
0.195 0.95
0.21 0.935
0.21 0.935
0.185 0.96
0.185 0.945
0.275 0.945
0.175 0.915
0.225 0.9
0.215 0.9
0.18 0.945
0.265 0.925
0.29 0.96
0.23 0.91
0.275 0.915
0.265 0.91
0.215 0.885
0.11 0.98
0.275 0.89
0.06 0.01
0.17 0.86
0.06 0.015
0.08 0.925
0.075 0.91
0.085 0.04
0.085 0.375
0.07 0.835
0.035 0.455
0.055 0.935
0.055 0.045
0.34 0.915
0.145 0.895
0.325 0.965
0.29 0.885
0.095 0.975
0.325 0.945
0.14 0.88
0.195 0.905
0.3 0.96
0.295 0.94
0.195 0.945
0.27 0.95
0.215 0.93
0.29 0.97
0.29 0.995
0.295 0.975
0.31 0.945
0.13 0.96
0.225 0.885
0.3 0.98
0.3 0.98
0.29 0.94
0.235 0.9
0.24 0.9
0.135 0.98
0.23 0.97
0.265 0.975
0.225 0.965
0.25 0.995
0.25 0.995
0.25 0.995
0.25 0.995
0.25 0.995
0.25 0.985
0.25 0.995
0.25 0.995
0.25 0.995
0.25 0.995
0.25 0.995
0.25 0.995
0.25 0.995
0.25 0.995
0.25 0.995
0.25 0.995
0.25 0.995
0.25 0.985
0.25 0.995
0.25 0.995
0.25 0.995
0.235 0.97
0.27 0.975
0.23 0.965
0.3 0.945
0.145 0.99
0.135 0.98
0.285 0.945
0.165 0.95
0.195 0.905
0.145 0.92
0.125 0.96
0.18 0.885
0.185 0.945
0.29 0.965
0.295 0.985
0.265 0.945
0.265 0.94
0.275 0.945
0.16 0.94
0.15 0.96
0.285 0.925
0.205 0.87
0.05 0.01
0.11 0.91
0.325 0.96
0.12 0.915
0.085 0.99
0.065 0.045
0.02 0.955
0.34 0.915
0.46 0.985
0.485 0.965
0.47 0.985
0.835 0.76
0.99 0.855
0.315 0.155
0.665 0.075
0.69 0.51
0.595 0.485
0.83 0.05
0.15 0.69
0.485 0.545
0.165 0.79
0.04 0.75
0.06 0.74
0.03 0.94
0.005 0.025
0.045 0.93
0.34 0.89
0.33 0.89
0.32 0.865
0.09 0.965
0.135 0.9
0.21 0.87
0.135 0.995
0.215 0.895
0.13 0.965
0.06 0.87
0.1 0.86
0.31 0.84
0.235 0.85
0.085 0.91
0.11 0.885
0.13 0.91
0.18 0.885
0.325 0.97
0.085 0.92
0.13 0.885
0.275 0.87
0.025 0.01
0.265 0.875
0.14 0.89
0.16 0.91
0.3 0.945
0.24 0.9
0.26 0.92
0.28 0.945
0.275 0.935
0.175 0.955
0.185 0.945
0.19 0.94
0.21 0.96
0.205 0.975
0.205 0.97
0.24 0.935
0.27 0.95
0.24 0.935
0.265 0.96
0.265 0.965
0.26 0.96
0.26 0.985
0.25 0.995
0.25 0.98
0.225 0.99
0.25 0.99
0.26 0.98
0.25 0.995
0.25 0.995
0.25 0.995
0.25 0.995
0.25 0.995
0.25 0.995
0.25 0.995
0.25 0.995
0.25 0.995
0.25 0.995
0.25 0.995
0.25 0.995
0.25 0.995
0.25 0.995
0.25 0.995
0.255 0.87
0.145 0.885
0.09 0.01
0.3 0.88
0.21 0.865
0.165 0.875
0.315 0.99
0.195 0.895
0.245 0.9
0.15 0.855
0.055 0.985
0.035 0.015
0.215 0.84
0.24 0.85
0.335 0.915
0.115 0.92
0.295 0.895
0.13 0.915
0.2 0.91
0.195 0.915
0.24 0.92
0.145 0.955
0.265 0.905
0.295 0.95
0.265 0.93
0.29 0.965
0.195 0.935
0.15 0.815
0.115 0.085
0.03 0.915
0.07 0.33
0.01 0.64
0.025 0.37
0.12 0.065
0.35 0.885
0.115 0.045
0.61 0.325
0.83 0.935
0.74 0.445
0.58 0.975
0.645 0.795
0.68 0.22
0.82 0.68
0.24 0.695
0.83 0.415
0.32 0.84
0.12 0.06
0.31 0.855
0.195 0.785
0.17 0.425
0.05 0.48
0.02 0.895
0.11 0.825
0.765 0.985
0.175 0.955
0.27 0.935
0.18 0.96
0.175 0.905
0.185 0.9
0.185 0.91
0.26 0.915
0.215 0.91
0.17 0.99
0.16 0.88
0.15 0.885
0.31 0.925
0.04 0.93
0.11 0.055
0.335 0.905
0.325 0.89
0.27 0.86
0.125 0.885
0.24 0.895
0.155 0.91
0.295 0.935
0.105 0.91
0.055 0.02
0.1 0.94
0.085 0.96
0.045 0.015
0.045 0.005
0.25 0.995
0.25 0.995
0.25 0.995
0.25 0.995
0.25 0.995
0.25 0.995
0.25 0.995
0.25 0.995
0.25 0.995
0.25 0.995
0.25 0.995
0.25 0.995
0.25 0.995
0.25 0.995
0.25 0.995
0.24 0.98
0.265 0.975
0.235 0.985
0.25 0.985
0.265 0.985
0.24 0.985
0.2 0.99
0.195 0.98
0.2 0.97
0.26 0.94
0.2 0.93
0.19 0.945
0.22 0.96
0.195 0.99
0.215 0.965
0.22 0.925
0.18 0.935
0.18 0.955
0.245 0.92
0.255 0.915
0.285 0.95
0.22 0.895
0.305 0.94
0.185 0.9
0.08 0.975
0.06 0.02
0.065 0.01
0.135 0.005
0.335 0.92
0.23 0.865
0.115 0.945
0.105 0.95
0.245 0.885
0.08 0.045
0.33 0.87
0.01 0.025
0.06 0.88
0.365 0.845
0.35 0.88
0.295 0.925
0.135 0.925
0.315 0.96
0.175 0.87
0.08 0.97
0.19 0.865
0.115 0.035
0.125 0.04
0.165 0.84
0.125 0.03
0.015 0.095
0.22 0.845
0.395 0.875
0.055 0.52
0.025 0.49
0.635 0.51
0.44 0.38
0.85 0.43
0.47 0.63
0.92 0.255
0.27 0.47
0.59 0.65
0.625 0.725
0.76 0.75
0.47 0.995
0.465 0.99
0.47 0.985
0.46 0.985
0.48 0.995
0.47 0.985
0.47 0.955
0.48 0.955
0.48 0.995
0.45 0.985
0.465 0.99
0.47 0.985
0.07 0.045
0.07 0.045
0.34 0.915
0.165 0.86
0.035 0.01
0.07 0.935
0.07 0.98
0.24 0.87
0.165 0.855
0.25 0.995
0.25 0.995
0.25 0.995
0.25 0.995
0.25 0.995
0.25 0.995
0.25 0.995
0.25 0.995
0.25 0.995
0.295 0.88
0.315 0.88
0.3 0.875
0.045 0.015
0.235 0.86
0.205 0.85
0.075 0.05
0.02 0.955
0.34 0.915
0.125 0.4
0.33 0.825
0.035 0.455
0.305 0.845
0.35 0.895
0.145 0.82
0.36 0.88
0.06 0.11
0.385 0.855
0.245 0.935
0.245 0.93
0.175 0.985
0.275 0.96
0.21 0.945
0.23 0.935
0.2 0.935
0.26 0.935
0.26 0.93
0.035 0.9
0.025 0.385
0.3 0.825
0.105 0.855
0.105 0.845
0.135 0.82
0.065 0.115
0.075 0.45
0.255 0.83
0.155 0.645
0.345 0.6
0.88 0.505
0.06 0.35
0.085 0.36
0.13 0.355
0.09 0.365
0.1 0.095
0.095 0.815
0.275 0.91
0.175 0.915
0.18 0.905
0.285 0.935
0.185 0.92
0.165 0.945
0.19 0.925
0.185 0.94
0.28 0.945
0.23 0.97
0.24 0.97
0.245 0.965
0.25 0.995
0.25 0.995
0.245 0.99
0.25 0.995
0.25 0.995
0.25 0.995
0.285 0.985
0.275 0.965
0.255 0.95
0.285 0.975
0.27 0.955
0.275 0.965
0.2 0.97
0.215 0.965
0.265 0.965
0.24 0.895
0.24 0.9
0.23 0.9
0.12 0.995
0.315 0.945
0.295 0.925
0.24 0.895
0.23 0.895
0.23 0.9
0.275 0.975
0.26 0.96
0.265 0.965
0.285 0.98
0.275 0.955
0.22 0.95
0.21 0.945
0.285 0.995
0.22 0.95
0.25 0.995
0.245 0.99
0.25 0.995
0.25 0.995
0.25 0.985
0.26 0.985
0.245 0.97
0.21 0.975
0.255 0.965
0.24 0.925
0.17 0.995
0.24 0.925
0.265 0.915
0.305 0.965
0.16 0.955
0.15 0.985
0.14 0.97
0.15 0.985
0.015 0.465
0.025 0.485
0.055 0.465
0.075 0.725
0.145 0.36
0.235 0.81
0.8 0.55
0.395 0.5
0.385 0.71
0.905 0.335
0.495 0.625
0.77 0.635
0.105 0.315
0.41 0.735
0.18 0.305
0.475 0.715
0.33 0.64
0.515 0.09
0.315 0.86
0.35 0.89
0.285 0.84
0.055 0.025
0.08 0.03
0.29 0.855
0.02 0.04
0.09 0.08
0.285 0.84
0.345 0.685
0.1 0.25
0.105 0.23
0.13 0.505
0.4 0.745
0.145 0.595
0.27 0.465
0.83 0.385
0.77 0.635
0.125 0.06
0.315 0.84
0.04 0.9
0.025 0.95
0.12 0.025
0.025 0.05
0.12 0.025
0.05 0.025
0.295 0.86
0.165 0.9
0.14 0.995
0.135 0.93
0.15 0.975
0.25 0.91
0.15 0.985
0.19 0.91
0.165 0.985
0.305 0.97
0.28 0.925
0.155 0.97
0.15 0.96
0.21 0.92
0.205 0.925
0.255 0.92
0.24 0.925
0.255 0.93
0.24 0.92
0.25 0.995
0.25 0.995
0.25 0.995
0.25 0.995
0.25 0.995
0.25 0.995
0.25 0.995
0.25 0.995
0.25 0.995
0.25 0.99
0.25 0.995
0.25 0.995
0.24 0.97
0.23 0.975
0.245 0.99
0.245 0.995
0.25 0.995
0.25 0.995
0.25 0.995
0.25 0.995
0.25 0.995
0.25 0.995
0.25 0.995
0.25 0.995
0.25 0.995
0.25 0.995
0.25 0.995
0.175 0.995
0.285 0.945
0.175 0.94
0.24 0.925
0.19 0.92
0.17 0.94
0.25 0.91
0.175 0.91
0.245 0.905
0.275 0.925
0.16 0.93
0.165 0.93
0.23 0.905
0.155 0.925
0.23 0.9
0.135 0.95
0.125 0.99
0.13 0.95
0.03 0.025
0.115 0.04
0.06 0.045
0.33 0.88
0.075 0.885
0.02 0.935
0.345 0.845
0.1 0.84
0.04 0.9
0.03 0.955
0.035 0.945
0.075 0.9
0.105 0.9
0.13 0.88
0.13 0.86
0.095 0.03
0.035 0.02
0.005 0.955
0.155 0.94
0.16 0.925
0.145 0.955
0.28 0.94
0.17 0.965
0.16 0.965
0.28 0.935
0.3 0.98
0.245 0.91
0.32 0.955
0.22 0.88
0.125 0.915
0.22 0.895
0.295 0.93
0.125 0.985
0.275 0.895
0.315 0.95
0.32 0.95
0.26 0.965
0.265 0.965
0.26 0.96
0.255 0.985
0.245 0.99
0.25 0.97
0.265 0.98
0.265 0.98
0.27 0.98
0.25 0.995
0.25 0.995
0.25 0.995
0.25 0.995
0.25 0.995
0.25 0.995
0.25 0.995
0.25 0.995
0.25 0.995
0.235 0.975
0.27 0.98
0.27 0.98
0.245 0.99
0.24 0.98
0.225 0.975
0.25 0.965
0.27 0.97
0.26 0.96
0.125 0.97
0.195 0.88
0.26 0.885
0.215 0.895
0.15 0.92
0.165 0.895
0.12 0.955
0.135 0.91
0.16 0.885
0.235 0.915
0.25 0.91
0.18 0.915
0.275 0.935
0.185 0.92
0.16 0.955
0.23 0.905
0.19 0.9
0.185 0.9
0.125 0.015
0.035 0.035
0.305 0.865
0.065 0.97
0.065 0.03
0.15 0.005
0.025 0.955
0 0.945
0.075 0.9
0.575 0.91
0.51 0.895
0.53 0.92
0.26 0.18
0.71 0.18
0.24 0.195
0.5 0.28
0.755 0.655
0.265 0.64
0.16 0.77
0.065 0.71
0.135 0.345
0.14 0.42
0.055 0.455
0.085 0.365
0.36 0.905
0.355 0.955
0.12 0.07
0.33 0.905
0.115 0.015
0.07 0.935
0.1 0.935
0.215 0.875
0.095 0.96
0.12 0.93
0.12 0.97
0.11 0.985
0.07 0.91
0.02 0.02
0.025 0.975
0.025 0.02
0.005 0.005
0.075 0.955
0.145 0.885
0.11 0.95
0.225 0.875
0.12 0.915
0.115 0.99
0.31 0.92
0.235 0.88
0.12 0.995
0.305 0.925
0.29 0.915
0.145 0.99
0.15 0.925
0.195 0.935
0.265 0.945
0.195 0.94
0.26 0.94
0.245 0.945
0.21 0.945
0.195 0.97
0.225 0.96
0.21 0.96
0.21 0.945
0.215 0.95
0.21 0.945
0.265 0.96
0.205 0.985
0.27 0.965
0.21 0.98
0.265 0.975
0.21 0.975
0.25 0.995
0.25 0.995
0.25 0.995
0.25 0.995
0.25 0.995
0.25 0.995
0.25 0.995
0.25 0.995
0.25 0.995
0.25 0.995
0.25 0.995
0.25 0.995
0.25 0.995
0.25 0.995
0.25 0.995
0.25 0.995
0.25 0.995
0.25 0.995
0.185 0.88
0.3 0.925
0.19 0.885
0.325 0.965
0.17 0.89
0.18 0.89
0.185 0.895
0.27 0.905
0.225 0.9
0.16 0.875
0.305 0.91
0.32 0.94
0.115 0.9
0.09 0.96
0.29 0.89
0.12 0.93
0.275 0.89
0.15 0.905
0.175 0.965
0.265 0.94
0.265 0.94
0.265 0.925
0.29 0.96
0.29 0.97
0.18 0.98
0.26 0.94
0.285 0.975
0.035 0.93
0.07 0.05
0.04 0.955
0.06 0.865
0.095 0.09
0.025 0.05
0.025 0.95
0.105 0.04
0.105 0.03
0.055 0.575
0.125 0.715
0.09 0.52
0.815 0.67
0.425 0.38
0.345 0.545
0.18 0.34
0.3 0.595
0.75 0.585
0.165 0.84
0.12 0.025
0.13 0.015
0.35 0.85
0.79 0.99
0.075 0.89
0.03 0.935
0.34 0.88
0.205 0.845
0.18 0.97
0.195 0.945
0.285 0.975
0.195 0.92
0.195 0.92
0.275 0.945
0.25 0.93
0.175 0.965
0.265 0.94
0.15 0.895
0.14 0.91
0.125 0.99
0.095 0.93
0.32 0.905
0.31 0.91
0.33 0.955
0.095 0.95
0.11 0.95
0.22 0.895
0.17 0.905
0.29 0.93
0.3 0.91
0.11 0.96
0.245 0.89
0.115 0.975
0.11 0.98
0.305 0.93
0.25 0.995
0.25 0.995
0.25 0.995
0.25 0.995
0.25 0.995
0.25 0.995
0.25 0.995
0.25 0.995
0.25 0.995
0.25 0.995
0.25 0.995
0.25 0.995
0.25 0.995
0.25 0.995
0.25 0.995
0.25 0.995
0.25 0.995
0.25 0.995
0.265 0.97
0.215 0.965
0.21 0.98
0.225 0.96
0.195 0.97
0.275 0.97
0.19 0.97
0.265 0.945
0.24 0.945
0.225 0.955
0.27 0.96
0.265 0.96
0.285 0.97
0.24 0.935
0.195 0.95
0.2 0.935
0.185 0.94
0.195 0.94
0.135 0.96
0.265 0.895
0.275 0.905
0.325 0.96
0.11 0.935
0.295 0.905
0.265 0.88
0.1 0.01
0.11 0.96
0.125 0.905
0.095 0.945
0.145 0.89
0.055 0.98
0.095 0.895
0.105 0.9
0.045 0.035
0.03 0.07
0.055 0.035
0.32 0.95
0.165 0.88
0.305 0.915
0.175 0.87
0.185 0.86
0.05 0.01
0.07 0.025
0.18 0.845
0.055 0.025
0.11 0.84
0.195 0.82
0.12 0.835
0.08 0.8
0.08 0.715
0.115 0.805
0.14 0.355
0.145 0.49
0.11 0.75
0.57 0.59
0.195 0.235
0.525 0.62
0.775 0.265
0.595 0.96
0.24 0.175
0.545 0.965
0.56 0.975
0.53 0.92
0.85 0.875
0.785 0.765
0.18 0.195
0.43 0.125
0.51 0.385
0.955 0.84
0.76 0.755
0.53 0.9
0.475 0.935
0.04 0.225
0.795 0.325
0.76 0.355
0.01 0.17
0.45 0.8
0.475 0.485
0.385 0.21
0.89 0.165
0.665 0.415
0.4 0.015
0.715 0.84
0.58 0.855
0.395 0.14
0.16 0.145
0.615 0.685
0.67 0.88
0.825 0.76
0.995 0.835
0.095 0.875
0.09 0.07
0.1 0.065
0.045 0.025
0.1 0.91
0.025 0.98
0.33 0.92
0.075 0.945
0.325 0.89
0.095 0.98
0.12 0
0.12 0.005
0.305 0.93
0.3 0.93
0.12 0.955
0.27 0.895
0.14 0.99
0.305 0.93
0.115 0.935
0.135 0.905
0.195 0.87
0.135 0.985
0.15 0.925
0.16 0.9
0.135 0.975
0.28 0.91
0.13 0.95
0.25 0.995
0.25 0.995
0.25 0.995
0.25 0.995
0.25 0.995
0.25 0.995
0.25 0.995
0.25 0.995
0.25 0.995
0.25 0.995
0.25 0.995
0.25 0.995
0.25 0.995
0.25 0.995
0.25 0.995
0.25 0.995
0.25 0.995
0.25 0.995
0.25 0.995
0.25 0.995
0.25 0.995
0.25 0.995
0.25 0.995
0.25 0.995
0.25 0.995
0.25 0.995
0.25 0.995
0.305 0.945
0.31 0.94
0.295 0.92
0.165 0.905
0.3 0.925
0.125 0.95
0.085 0
0.095 0.01
0.31 0.91
0.155 0.91
0.305 0.925
0.295 0.915
0.235 0.89
0.175 0.885
0.19 0.88
0.225 0.875
0.085 0.97
0.06 0.01
0.01 0.01
0.065 0.035
0.24 0.86
0.06 0.025
0.075 0.04
0.055 0.04
0.015 0.05
0 0.09
0.03 0.94
0.035 0.925
0.12 0.84
0.015 0.095
0.045 0.955
0.275 0.86
0.295 0.85
0.32 0.865
0.315 0.855
0.33 0.855
0.085 0.965
0.01 0.005
0.055 0.02
0.24 0.885
0.32 0.955
0.105 0.945
0.24 0.88
0.235 0.88
0.11 0.92
0.095 0.9
0.085 0.9
0.15 0.845
0.3 0.89
0.22 0.87
0.065 0.965
0.07 0.965
0.105 0.905
0.205 0.85
0.27 0.96
0.2 0.955
0.275 0.96
0.235 0.965
0.215 0.97
0.275 0.97
0.21 0.96
0.265 0.955
0.245 0.95
0.235 0.985
0.23 0.975
0.26 0.97
0.25 0.995
0.25 0.995
0.245 0.985
0.235 0.985
0.255 0.975
0.26 0.97
0.21 0.96
0.195 0.965
0.245 0.95
0.24 0.965
0.21 0.97
0.275 0.97
0.215 0.955
0.28 0.975
0.275 0.96
0.29 0.875
0.14 0.86
0.15 0.855
0.31 0.9
0.315 0.9
0.325 0.9
0.325 0.89
0.055 0.925
0.065 0.915
0.32 0.94
0.22 0.87
0.315 0.91
0.275 0.89
0.3 0.905
0.095 0.995
0.295 0.885
0.075 0.975
0.24 0.865
0.015 0.95
0.015 0.93
0.305 0.845
0.12 0.87
0.12 0.86
0.31 0.85
0.11 0.065
0.32 0.845
0.015 0.095
0.255 0.235
0.45 0.265
0.5 0.41
0.975 0.245
0.355 0.47
0.5 0.505
0.31 0.585
0.17 0.385
0.34 0.61
0.115 0.73
0.08 0.705
0.13 0.335
0.385 0.875
0.08 0.445
0.075 0.815
0.025 0.91
0.305 0.845
0.355 0.865
0.14 0.82
0.12 0.07
0.015 0.125
0.29 0.85
0.11 0.875
0.23 0.845
0.23 0.855
0.285 0.87
0.235 0.855
0.24 0.88
0.235 0.885
0.11 0.96
0.16 0.895
0.145 0.92
0.155 0.905
0.155 0.92
0.305 0.96
0.285 0.92
0.14 0.93
0.26 0.9
0.3 0.935
0.29 0.925
0.25 0.905
0.3 0.95
0.28 0.93
0.2 0.915
0.165 0.99
0.255 0.92
0.175 0.955
0.235 0.92
0.27 0.935
0.19 0.94
0.22 0.93
0.23 0.94
0.205 0.95
0.255 0.945
0.235 0.96
0.265 0.965
0.205 0.965
0.265 0.98
0.26 0.99
0.23 0.975
0.25 0.985
0.25 0.995
0.245 0.98
0.25 0.995
0.25 0.995
0.25 0.995
0.25 0.995
0.25 0.995
0.25 0.995
0.25 0.995
0.25 0.995
0.25 0.995
0.25 0.995
0.25 0.995
0.25 0.995
0.25 0.995
0.25 0.995
0.25 0.995
0.25 0.995
0.25 0.995
0.25 0.995
0.16 0.955
0.17 0.95
0.195 0.915
0.24 0.91
0.245 0.915
0.245 0.92
0.275 0.94
0.29 0.985
0.29 0.995
0.155 0.98
0.19 0.915
0.21 0.91
0.15 0.96
0.2 0.905
0.165 0.945
0.175 0.935
0.205 0.92
0.235 0.925
0.25 0.94
0.275 0.96
0.2 0.95
0.18 0.965
0.185 0.96
0.245 0.945
0.255 0.95
0.21 0.955
0.275 0.97
0.095 0.95
0.245 0.88
0.11 0.945
0.12 0.015
0.075 0.955
0.16 0.875
0.21 0.87
0.2 0.875
0.32 0.945
0.325 0.875
0.065 0.935
0.145 0.86
0.13 0.045
0.085 0.865
0.115 0.035
0.09 0.89
0.15 0.005
0.145 0.86
0.12 0.91
0.205 0.875
0.29 0.895
0.085 0.925
0.14 0
0.12 0.905
0.135 0.89
0.115 0.915
0.185 0.875
0.245 0.95
0.27 0.96
0.275 0.97
0.265 0.94
0.18 0.99
0.285 0.985
0.285 0.97
0.185 0.975
0.265 0.95
0.29 0.955
0.225 0.92
0.23 0.925
0.29 0.935
0.205 0.9
0.195 0.91
0.205 0.905
0.3 0.955
0.285 0.94
0.26 0.93
0.255 0.93
0.26 0.935
0.16 0.955
0.16 0.94
0.225 0.915
0.22 0.91
0.16 0.945
0.225 0.915
0.25 0.995
0.25 0.995
0.25 0.995
0.25 0.995
0.25 0.995
0.25 0.995
0.25 0.995
0.25 0.995
0.25 0.995
0.25 0.995
0.25 0.995
0.25 0.995
0.25 0.995
0.25 0.995
0.25 0.995
0.25 0.995
0.25 0.995
0.25 0.995
0.25 0.995
0.265 0.985
0.25 0.98
0.235 0.98
0.23 0.97
0.235 0.97
0.205 0.975
0.24 0.955
0.225 0.96
0.26 0.945
0.2 0.94
0.25 0.945
0.255 0.93
0.18 0.935
0.195 0.93
0.265 0.925
0.165 0.98
0.17 0.98
0.165 0.945
0.16 0.95
0.165 0.955
0.145 0.955
0.29 0.92
0.225 0.9
0.28 0.905
0.32 0.975
0.23 0.895
0.24 0.9
0.315 0.98
0.145 0.975
0.125 0.99
0.125 0.925
0.32 0.985
0.135 0.905
0.115 0.92
0.11 0.965
0.065 0.03
0.05 0.045
0.025 0.025
0.045 0.08
0.04 0.095
0.34 0.875
0.35 0.84
0.11 0.365
0.365 0.85
0.09 0.41
0.345 0.83
0.075 0.425
0.15 0.06
0.095 0.77
0.11 0.46
0.15 0.44
0.455 0.6
0.175 0.42
0.17 0.435
0.125 0.305
0.125 0.7
0.49 0.565
0.55 0.515
0.575 0.56
0.18 0.12
0.27 0.225
0.5 0.41
0.05 0.51
0.04 0.15
0.41 0.79
0.055 0.125
0.15 0.06
0.05 0.69
0.035 0.695
0.095 0.69
0.115 0.705
0.235 0.84
0.03 0.11
0.13 0.065
0.335 0.905
0.01 0.965
0.03 0.935
0.165 0.835
0.135 0.84
0.085 0.855
0.125 0.795
0.155 0.78
0.13 0.765
0.135 0.825
0.035 0.115
0.135 0.425
0.135 0.385
0.435 0.83
0.135 0.355
0.24 0.87
0.215 0.86
0.315 0.885
0.165 0.885
0.195 0.875
0.27 0.875
0.285 0.88
0.14 0.875
0.105 0.02
0.22 0.89
0.14 0.915
0.3 0.915
0.19 0.9
0.185 0.9
0.14 0.93
0.165 0.9
0.235 0.89
0.3 0.915
0.32 0.92
0.325 0.915
0.105 0.02
0.11 0.965
0.11 0.945
0.32 0.92
0.17 0.865
0.095 0.925
0.225 0.86
0.305 0.82
0.095 0.75
0.015 0.645
0.33 0.835
0.085 0.105
0.005 0.72
0.415 0.81
0.44 0.835
0.265 0.81
0.09 0.08
0.165 0.01
0.355 0.885
0.09 0.9
0.035 0.965
0.255 0.845
0.19 0.83
0.17 0.825
0.185 0.82
0.335 0.81
0.34 0.795
0.105 0.64
0.18 0.81
0.135 0.385
0.085 0.705
0.07 0.345
0.09 0.67
0.41 0.79
0.1 0.355
0.07 0.82
0.305 0.82
0.06 0.865
0.34 0.865
0.06 0.86
0.12 0.05
0 0.94
0.125 0.05
0.135 0.02
0.06 0.93
0.085 0.07
0.07 0.975
0.095 0.94
0.08 0.94
0.17 0.87
0.315 0.925
0.18 0.865
0.125 0.885
0.125 0.89
0.12 0.015
0.125 0.915
0.19 0.88
0.175 0.875
0.155 0.895
0.12 0.98
0.18 0.88
0.095 0.005
0.18 0.88
0.105 0.955
0.3 0.925
0.15 0.92
0.18 0.89
0.14 0.975
0.23 0.9
0.175 0.9
0.145 0.97
0.275 0.915
0.3 0.945
0.195 0.91
0.255 0.92
0.165 0.945
0.26 0.925
0.25 0.93
0.225 0.92
0.26 0.92
0.23 0.92
0.185 0.92
0.185 0.945
0.26 0.94
0.185 0.945
0.285 0.97
0.235 0.945
0.185 0.96
0.19 0.9
0.175 0.91
0.15 0.93
0.265 0.92
0.195 0.92
0.2 0.91
0.265 0.925
0.225 0.92
0.165 0.965
0.285 0.96
0.28 0.955
0.18 0.95
0.275 0.96
0.275 0.965
0.28 0.965
0.275 0.965
0.275 0.97
0.195 0.96
0.195 0.945
0.265 0.945
0.265 0.94
0.205 0.96
0.2 0.985
0.235 0.95
0.21 0.96
0.23 0.96
0.2 0.96
0.235 0.975
0.25 0.995
0.245 0.985
0.255 0.97
0.24 0.98
0.245 0.995
0.25 0.995
0.25 0.995
0.25 0.995
0.21 0.995
0.25 0.975
0.265 0.99
0.205 0.985
0.25 0.965
0.23 0.975
0.235 0.98
0.255 0.985
0.25 0.995
0.25 0.995
0.25 0.995
0.25 0.995
0.25 0.995
0.25 0.995
0.25 0.995
0.25 0.995
0.25 0.995
0.25 0.995
0.275 0.97
0.27 0.97
0.22 0.965
0.19 0.98
0.28 0.975
0.215 0.96
0.23 0.96
0.27 0.975
0.255 0.965
0.26 0.94
0.28 0.965
0.215 0.945
0.175 0.96
0.25 0.93
0.26 0.94
0.185 0.96
0.195 0.945
0.22 0.945
0.26 0.96
0.23 0.965
0.255 0.965
0.28 0.97
0.21 0.95
0.2 0.97
0.21 0.96
0.275 0.97
0.205 0.985
0.25 0.995
0.25 0.995
0.25 0.995
0.25 0.995
0.25 0.995
0.25 0.995
0.25 0.995
0.25 0.995
0.25 0.995
0.24 0.98
0.245 0.99
0.25 0.995
0.265 0.965
0.265 0.965
0.255 0.97
0.23 0.97
0.225 0.97
0.265 0.99
0.25 0.995
0.25 0.995
0.25 0.995
0.265 0.98
0.26 0.97
0.245 0.985
0.245 0.975
0.225 0.98
0.255 0.985
0.27 0.965
0.28 0.975
0.27 0.96
0.275 0.97
0.28 0.975
0.21 0.95
0.225 0.94
0.19 0.94
0.27 0.945
0.195 0.97
0.195 0.955
0.2 0.955
0.26 0.95
0.2 0.945
0.2 0.945
0.19 0.94
0.175 0.96
0.185 0.94
0.285 0.95
0.255 0.915
0.26 0.92
0.285 0.945
0.16 0.98
0.16 0.985
0.21 0.9
0.295 0.93
0.24 0.9
0.185 0.975
0.245 0.935
0.2 0.94
0.185 0.95
0.18 0.945
0.25 0.93
0.29 0.955
0.295 0.955
0.165 0.965
0.28 0.945
0.26 0.92
0.175 0.945
0.255 0.915
0.29 0.94
0.235 0.91
0.195 0.9
0.145 0.935
0.225 0.9
0.255 0.9
0.29 0.915
0.22 0.895
0.185 0.89
0.305 0.925
0.21 0.885
0.2 0.875
0.175 0.87
0.315 0.925
0.13 0.925
0.11 0.945
0.215 0.88
0.175 0.88
0.095 0.985
0.095 0.99
0.025 0.01
0.045 0.025
0.065 0.965
0.21 0.87
0.265 0.87
0.27 0.875
0.05 0.015
0.105 0.025
0.205 0.855
0.055 0.93
0.11 0.055
0.065 0.91
0.065 0.895
0.005 0.92
0.065 0.885
0.135 0.045
0.045 0.455
0.04 0.875
0.04 0.48
0.14 0.39
0.06 0.8
0.03 0.975
0.02 0.965
0.165 0.845
0.07 0.98
0.075 0.99
0.025 0.02
0.13 0.88
0.14 0.87
0.045 0.025
0.225 0.88
0.14 0.9
0.225 0.875
0.135 0.975
0.14 0.96
0.275 0.895
0.305 0.94
0.315 0.97
0.125 0.96
0.14 0.895
0.035 0
0.3 0.89
0.31 0.945
0.265 0.895
0.32 0.955
0.32 0.965
0.16 0.895
0.125 0.925
0.27 0.915
0.21 0.905
0.28 0.92
0.24 0.925
0.175 0.98
0.215 0.915
0.205 0.92
0.17 0.98
0.285 0.945
0.21 0.94
0.265 0.945
0.23 0.935
0.21 0.96
0.275 0.975
0.28 0.975
0.205 0.96
0.21 0.96
0.25 0.95
0.27 0.945
0.185 0.95
0.265 0.935
0.195 0.965
0.27 0.96
0.285 0.985
0.19 0.965
0.27 0.955
0.285 0.97
0.14 0.955
0.315 0.965
0.185 0.89
0.16 0.99
0.235 0.91
0.31 0.97
0.305 0.96
0.145 0.975
0.3 0.94
0.295 0.985
0.235 0.92
0.22 0.915
0.285 0.97
0.285 0.97
0.24 0.93
0.29 0.97
0.18 0.955
0.295 0.99
0.305 0.985
0.29 0.935
0.265 0.905
0.17 0.98
0.235 0.92
0.265 0.915
0.16 0.96
0.3 0.955
0.24 0.905
0.25 0.97
0.24 0.97
0.255 0.965
0.25 0.995
0.25 0.995
0.25 0.985
0.25 0.995
0.25 0.995
0.24 0.985
0.25 0.995
0.25 0.995
0.25 0.995
0.25 0.995
0.25 0.995
0.25 0.995
0.25 0.995
0.25 0.995
0.25 0.995
0.25 0.995
0.25 0.995
0.25 0.995
0.25 0.995
0.25 0.995
0.25 0.995
0.25 0.995
0.25 0.995
0.25 0.995
0.25 0.995
0.25 0.995
0.25 0.995
0.25 0.995
0.25 0.995
0.25 0.995
0.25 0.995
0.25 0.995
0.25 0.995
0.25 0.995
0.25 0.995
0.25 0.995
0.25 0.995
0.25 0.995
0.25 0.995
0.25 0.995
0.25 0.995
0.25 0.995
0.25 0.995
0.25 0.995
0.25 0.995
0.25 0.995
0.25 0.995
0.25 0.995
0.25 0.995
0.25 0.995
0.25 0.995
0.25 0.995
0.25 0.995
0.25 0.995
0.25 0.995
0.25 0.995
0.25 0.995
0.25 0.995
0.25 0.995
0.25 0.995
0.25 0.995
0.25 0.995
0.25 0.995
0.25 0.995
0.25 0.995
0.25 0.995
0.25 0.995
0.25 0.995
0.25 0.995
0.25 0.995
0.235 0.985
0.26 0.99
0.25 0.995
0.25 0.995
0.24 0.985
0.23 0.975
0.27 0.98
0.255 0.965
0.16 0.96
0.23 0.905
0.24 0.905
0.285 0.95
0.29 0.955
0.29 0.945
0.295 0.95
0.21 0.9
0.31 0.98
0.185 0.945
0.295 0.975
0.28 0.945
0.205 0.94
0.195 0.94
0.245 0.93
0.175 0.955
0.23 0.92
0.2 0.915
0.28 0.92
0.21 0.895
0.21 0.895
0.165 0.935
0.155 0.955
0.225 0.9
0.275 0.905
0.14 0.925
0.22 0.89
0.27 0.955
0.285 0.97
0.285 0.97
0.2 0.96
0.28 0.97
0.2 0.945
0.195 0.94
0.245 0.93
0.19 0.935
0.275 0.97
0.26 0.95
0.22 0.95
0.265 0.96
0.27 0.96
0.21 0.95
0.2 0.945
0.21 0.935
0.225 0.935
0.28 0.945
0.185 0.92
0.285 0.945
0.23 0.925
0.17 0.99
0.235 0.915
0.285 0.935
0.155 0.94
0.29 0.935
0.295 0.915
0.215 0.88
0.21 0.88
0.135 0.94
0.32 0.965
0.12 0.94
0.115 0.93
0.165 0.87
0.065 0.01
0.135 0.96
0.285 0.9
0.275 0.895
0.14 0.945
0.305 0.935
0.15 0.905
0.31 0.925
0.115 0.925
0.08 0.005
0.17 0.86
0.005 0.97
0.14 0.005
0.05 0.015
0.3 0.875
0.01 0.02
0.115 0.03
0.31 0.865
0.315 0.87
0.48 0.995
0.48 0.995
0.48 0.995
0.46 0.985
0.51 0.97
0.485 0.985
0.53 0.935
0.555 0.805
0.78 0.825
0.46 0.95
0.6 0.9
0.54 0.945
0.61 0.66
0.315 0.17
0.815 0.745
0.305 0.205
0.095 0.205
0.68 0.375
0.675 0.155
0.675 0.62
0.62 0.19
0.49 0.565
0.16 0.515
0.63 0.08
0.075 0.515
0.385 0.8
0.13 0.34
0.14 0.25
0.16 0.12
0.15 0.145
0.385 0.205
0.97 0.435
0.07 0.215
0.005 0.625
0.075 0.685
0.115 0.72
0.795 0.57
0.11 0.72
0.78 0.55
0.055 0.665
0 0.7
0.06 0.71
0.045 0.85
0.065 0.86
0.045 0.86
0.365 0.9
0.045 0.1
0.11 0.39
0.155 0.015
0.09 0.06
0.305 0.855
0.035 0.99
0.03 0.015
0.095 0.03
0.035 0.905
0.355 0.97
0.345 0.855
0.05 0.925
0.095 0.895
0.07 0.91
0.065 0.95
0.175 0.86
0.095 0.91
0.06 0.955
0.105 0.91
0.075 0.935
0.085 0.965
0.1 0.97
0.1 0.01
0.115 0.945
0.125 0.945
0.14 0.905
0.145 0.9
0.145 0.91
0.115 0.99
0.135 0.94
0.28 0.91
0.28 0.905
0.155 0.93
0.22 0.905
0.215 0.9
0.02 0.865
0.155 0.045
0.03 0.785
0.075 0.84
0.345 0.84
0.355 0.85
0.095 0.865
0.08 0.9
0.095 0.875
0.12 0.065
0.07 0.885
0.335 0.845
0.33 0.86
0.11 0.86
0.035 0.08
0.055 0.945
0.09 0.92
0.05 0.985
0.075 0.965
0.095 0.96
0.315 0.9
0.095 0.945
0.315 0.925
0.315 0.925
0.3 0.915
0.145 0.92
0.125 0.985
0.04 0.055
0.11 0.035
0.07 0.08
0.08 0.055
0.075 0.04
0.08 0.035
0.06 0.02
0.33 0.95
0.07 0.015
0.07 0.04
0.08 0.03
0.34 0.93
0.01 0.025
0.015 0.98
0.275 0.865
0.26 0.87
0.215 0.87
0.115 0.915
0.115 0.945
0.315 0.95
0.12 0.985
0.265 0.885
0.21 0.885
0.29 0.91
0.22 0.895
0.19 0.9
0.225 0.9
0.15 0.985
0.285 0.935
0.225 0.905
0.155 0.985
0.295 0.955
0.285 0.94
0.17 0.965
0.24 0.93
0.2 0.925
0.16 0.945
0.23 0.915
0.255 0.915
0.16 0.955
0.3 0.975
0.29 0.955
0.18 0.945
0.19 0.94
0.26 0.935
0.19 0.955
0.255 0.95
0.19 0.965
0.285 0.985
0.2 0.955
0.205 0.955
0.275 0.975
0.225 0.965
0.21 0.97
0.245 0.925
0.24 0.93
0.245 0.925
0.275 0.95
0.2 0.945
0.26 0.94
0.27 0.955
0.27 0.96
0.19 0.97
0.2 0.95
0.265 0.955
0.27 0.955
0.26 0.955
0.21 0.965
0.2 0.975
0.21 0.985
0.23 0.975
0.21 0.995
0.21 0.995
0.265 0.98
0.27 0.985
0.24 0.985
0.25 0.995
0.245 0.995
0.25 0.995
0.25 0.995
0.25 0.995
0.215 0.965
0.265 0.97
0.225 0.965
0.27 0.98
0.265 0.98
0.265 0.98
0.25 0.995
0.25 0.995
0.25 0.995
0.265 0.975
0.24 0.985
0.25 0.975
0.265 0.98
0.26 0.99
0.25 0.995
0.25 0.995
0.25 0.995
0.25 0.995
0.25 0.995
0.25 0.995
0.25 0.995
0.25 0.995
0.25 0.995
0.25 0.995
0.25 0.995
0.25 0.995
0.25 0.995
0.25 0.995
0.25 0.995
0.25 0.995
0.25 0.995
0.25 0.995
0.25 0.995
0.25 0.995
0.25 0.995
0.25 0.995
0.25 0.995
0.25 0.995
0.25 0.995
0.25 0.995
0.25 0.995
0.25 0.995
0.25 0.995
0.25 0.995
0.25 0.995
0.25 0.995
0.25 0.995
0.25 0.995
0.25 0.995
0.25 0.995
0.25 0.995
0.25 0.995
0.25 0.995
0.25 0.995
0.05 0.95
0.125 0.015
0.265 0.86
0.26 0.855
0.315 0.875
0.275 0.865
0.295 0.88
0.295 0.89
0.075 0.01
0.035 0.96
0.27 0.86
0.055 0.94
0.04 0.935
0.05 0.05
0.06 0.935
0.06 0.97
0.025 0.01
0.035 0.01
0.23 0.88
0.185 0.885
0.225 0.885
0.11 0.935
0.32 0.945
0.18 0.885
0.13 0.95
0.19 0.895
0.175 0.9
0.005 0.09
0.29 0.855
0.12 0.855
0.135 0.83
0.13 0.835
0.05 0.92
0.13 0.855
0.06 0.955
0.145 0.86
0.085 0.84
0.21 0.83
0.13 0.83
0.335 0.82
0.05 0.465
0.36 0.87
0.34 0.85
0.125 0.045
0.235 0.845
0.33 0.915
0.095 0.93
0.095 0.93
0.165 0.845
0.04 0.985
0.06 0.02
0.145 0.875
0.05 0.01
0.05 0.005
0.145 0.95
0.155 0.99
0.295 0.945
0.17 0.9
0.215 0.895
0.21 0.9
0.175 0.915
0.18 0.92
0.21 0.91
0.125 0.99
0.26 0.895
0.245 0.895
0.11 0.96
0.21 0.88
0.3 0.925
0.215 0.89
0.24 0.895
0.205 0.895
0.225 0.91
0.255 0.92
0.29 0.955
0.2 0.9
0.235 0.905
0.2 0.91
0.19 0.915
0.195 0.92
0.175 0.945
0.38 0.8
0.145 0.08
0.015 0.37
0.25 0.8
0.135 0.335
0.05 0.5
0.015 0.365
0.05 0.38
0.04 0.385
0.245 0.585
0.165 0.34
0.18 0.35
0.365 0.17
0.765 0.055
0.825 0.06
0.61 0.1
0.375 0.735
0.425 0.63
0.005 0.725
0.215 0.825
0.07 0.85
0.33 0.805
0.39 0.795
0.19 0.81
0.275 0.825
0.065 0.855
0.33 0.835
0.655 0.24
0.65 0.2
0.76 0.175
0.865 0.785
0.55 0.91
0.72 0.29
0.975 0.89
0.65 0.9
0.27 0.64
0.445 0.985
0.53 0.98
0.535 0.975
0.48 0.995
0.48 0.995
0.485 0.99
0.45 0.985
0.525 0.94
0.535 0.975
0.655 0.69
0.71 0.71
0.695 0.16
0.565 0.905
0.645 0.705
0.43 0.06
0.66 0.255
0.275 0.67
0.55 0.37
0.375 0.885
0.05 0.115
0.13 0.06
0.785 0.96
0.085 0.705
0.08 0.365
0.35 0.82
0.14 0.06
0.785 0.985
0.865 0.125
0.14 0.7
0.32 0.59
0.63 0.315
0.245 0.385
0.35 0.65
0.27 0.465
0.29 0.48
0.4 0.555
0.125 0.36
0.13 0.385
0.09 0.825
0.195 0.385
0.12 0.48
0.79 0.965
0.07 0.345
0.015 0.14
0.06 0.13
0.245 0.915
0.265 0.925
0.175 0.945
0.3 0.95
0.245 0.905
0.27 0.92
0.17 0.93
0.195 0.915
0.245 0.92
0.175 0.895
0.175 0.9
0.305 0.95
0.165 0.885
0.29 0.895
0.275 0.895
0.165 0.895
0.32 0.965
0.18 0.895
0.155 0.955
0.19 0.91
0.205 0.91
0.135 0.975
0.17 0.9
0.18 0.905
0.185 0.9
0.295 0.94
0.155 0.945
0.105 0.015
0.3 0.89
0.1 0.955
0.02 0.97
0.065 0.04
0.075 0.945
0.135 0.87
0.145 0.87
0.015 0.005
0.005 0.925
0.04 0.92
0.025 0.94
0.12 0.365
0.045 0.12
0.05 0.115
0.065 0.115
0.265 0.835
0.125 0.06
0.025 0.03
0.275 0.86
0.05 0.025
0.05 0.105
0.05 0.905
0.08 0.885
0.01 0.095
0.33 0.87
0.16 0.84
0.185 0.89
0.195 0.89
0.295 0.93
0.255 0.88
0.1 0.97
0.235 0.885
0.125 0.92
0.315 0.935
0.12 0.96
0.255 0.865
0.315 0.89
0.215 0.865
0.345 0.905
0.34 0.9
0.05 0.035
0.025 0.955
0.04 0.96
0.11 0.03
0.095 0.93
0.07 0.015
0.095 0.96
0.065 0.045
0.08 0.91
0.08 0.03
0.045 0.035
0.11 0.03
0.05 0.965
0.25 0.995
0.25 0.995
0.25 0.995
0.25 0.995
0.25 0.995
0.25 0.995
0.25 0.995
0.25 0.995
0.25 0.995
0.25 0.995
0.25 0.995
0.25 0.995
0.25 0.995
0.25 0.995
0.25 0.995
0.25 0.995
0.25 0.995
0.25 0.995
0.25 0.995
0.25 0.995
0.25 0.995
0.25 0.995
0.25 0.995
0.25 0.995
0.25 0.995
0.25 0.995
0.25 0.995
0.25 0.995
0.25 0.995
0.25 0.995
0.25 0.995
0.25 0.995
0.25 0.995
0.25 0.995
0.25 0.995
0.25 0.995
0.25 0.995
0.25 0.995
0.25 0.995
0.245 0.975
0.25 0.97
0.245 0.985
0.23 0.975
0.22 0.975
0.235 0.98
0.25 0.995
0.25 0.985
0.25 0.995
0.22 0.975
0.225 0.965
0.225 0.975
0.265 0.965
0.27 0.965
0.23 0.965
0.25 0.995
0.25 0.995
0.25 0.995
0.245 0.99
0.26 0.975
0.24 0.985
0.22 0.98
0.23 0.965
0.23 0.97
0.21 0.995
0.225 0.965
0.23 0.97
0.275 0.97
0.28 0.975
0.275 0.97
0.19 0.97
0.185 0.975
0.19 0.98
0.255 0.95
0.26 0.945
0.28 0.97
0.26 0.94
0.27 0.94
0.265 0.94
0.23 0.925
0.24 0.92
0.175 0.955
0.26 0.96
0.225 0.96
0.225 0.965
0.21 0.945
0.185 0.985
0.215 0.95
0.26 0.945
0.185 0.975
0.265 0.95
0.25 0.93
0.175 0.965
0.29 0.975
0.16 0.97
0.295 0.95
0.3 0.98
0.16 0.955
0.155 0.955
0.17 0.935
0.175 0.95
0.23 0.92
0.18 0.945
0.155 0.965
0.245 0.905
0.28 0.93
0.27 0.91
0.265 0.905
0.22 0.905
0.3 0.94
0.275 0.905
0.22 0.9
0.115 0.975
0.3 0.905
0.13 0.935
0.325 0.975
0.325 0.965
0.135 0.92
0.08 0.985
0.11 0.91
0.33 0.955
0.075 0.91
0.055 0.035
0.065 0.03
0.335 0.89
0.33 0.885
0.325 0.885
0.32 0.9
0.08 0.94
0.315 0.9
0.24 0.85
0.34 0.895
0.245 0.855
0.02 0.055
0.17 0.835
0.13 0.025
0.14 0.915
0.235 0.885
0.14 0.92
0.215 0.87
0.28 0.875
0.185 0.87
0.08 0.97
0.07 0.97
0.085 0.965
0.015 0.02
0.34 0.93
0.065 0.95
0.145 0.025
0.035 0.92
0.11 0.855
0.345 0.845
0.035 0.9
0.355 0.915
0.02 0.94
0.305 0.845
0.08 0.08
0.37 0.88
0.075 0.825
0.07 0.845
0.09 0.79
0.015 0.365
0.05 0.75
0.25 0.905
0.255 0.9
0.2 0.9
0.145 0.925
0.315 0.95
0.135 0.94
0.315 0.94
0.185 0.875
0.205 0.88
0.115 0.985
0.105 0.975
0.245 0.885
0.09 0.965
0.105 0.91
0.085 0.98
0.055 0.985
0.095 0.895
0.17 0.855
0.25 0.865
0.045 0.975
0.06 0.975
0.11 0.87
0.12 0.045
0.34 0.89
0.125 0.055
0.135 0.06
0.13 0.05
0.085 0.915
0.085 0.9
0.215 0.855
0.065 0.895
0.335 0.845
0.22 0.84
0.095 0.095
0.15 0.815
0.11 0.835
0.04 0.865
0.19 0.81
0.37 0.85
0.055 0.52
0.18 0.39
0.02 0.525
0.2 0.475
0.205 0.545
0.18 0.48
0.695 0.59
0.14 0.635
0.185 0.78
0.35 0.66
0.44 0.36
0.36 0.39
0.485 0.33
0.225 0.085
0.505 0.26
0.01 0.54
0.19 0.375
0.145 0.77
0.705 0.62
0.345 0.675
0.05 0.22
0.51 0.665
0.625 0.63
0.17 0.26
0.58 0.31
0.775 0.715
0.41 0.15
0.3 0.16
0.29 0.15
0.375 0.1
0.545 0.965
0.465 0.965
0.545 0.94
0.545 0.925
0.45 0.975
0.57 0.94
0.47 0.995
0.48 0.995
0.48 0.995
0.48 0.995
0.48 0.995
0.48 0.995
0.48 0.995
0.48 0.995
0.075 0.045
0.05 0.96
0.25 0.995
0.25 0.995
0.11 0.03
0.305 0.865
0.28 0.825
0.01 0.735
0.17 0.98
0.245 0.93
0.05 0.73
0.28 0.825
0.12 0.745
0.095 0.345
0.215 0.905
0.17 0.945
0.255 0.965
0.26 0.99
0.21 0.96
0.27 0.965
0.23 0.905
0.24 0.9
0.205 0.995
0.27 0.96
0.25 0.975
0.225 0.98
0.245 0.92
0.16 0.94
0.075 0.475
0.12 0.745
0.06 0.255
0.6 0.59
0.355 0.845
0.08 0.09
0.715 0.71
0.06 0.255
0.34 0.86
0.115 0.045
0.16 0.905
0.15 0.98
0.15 0.965
0.3 0.975
0.25 0.995
0.25 0.995
0.25 0.995
0.25 0.995
0.25 0.995
0.25 0.995
0.27 0.92
0.17 0.925
0.15 0.99
0.225 0.895
0.125 0.035
0.045 0.1
0.105 0.05
0.105 0.875
0.145 0.94
0.155 0.965
0.32 0.93
0.205 0.88
0.265 0.96
0.255 0.965
0.25 0.995
0.25 0.995
0.21 0.965
0.265 0.965
0.125 0.91
0.13 0.915
0.285 0.925
0.185 0.905
0.105 0.055
0 0.945
0.595 0.965
0.7 0.19
0.015 0.695
0.045 0.12
0.08 0.94
0.285 0.885
0.055 0.98
0.09 0.945
0.27 0.89
0.22 0.89
0.28 0.965
0.28 0.975
0.195 0.96
0.23 0.96
0.25 0.995
0.25 0.995
0.25 0.995
0.25 0.995
0.315 0.985
0.175 0.9
0.12 0.96
0.115 0.975
0.195 0.95
0.2 0.94
0.05 0.025
0.105 0.035
0.01 0.515
0.12 0.705
0.155 0.86
0.16 0.845
0.19 0.965
0.285 0.965
0.17 0.895
0.11 0.96
0.22 0.9
0.14 0.925
0.25 0.995
0.25 0.995
0.25 0.995
0.25 0.995
0.225 0.96
0.275 0.965
0.225 0.955
0.2 0.945
0.14 0.945
0.275 0.89
0.1 0.94
0.115 0.02
0.19 0.87
0.095 0.925
0.14 0.055
0.115 0.465
0.265 0.21
0.595 0.965
0.58 0.69
0.595 0.895
0.775 0.305
0.77 0.095
0.47 0.955
0.765 0.86
0 0.945
0.09 0.04
0.305 0.895
0.165 0.89
0.1 0.975
0.125 0.95
0.25 0.995
0.25 0.995
0.25 0.995
0.25 0.995
0.25 0.995
0.25 0.995
0.125 0.93
0.13 0.915
0.31 0.925
0.315 0.925
0.03 0.97
0 0.945
0.29 0.84
0.27 0.84
0.065 0.95
0.1 0.935
0.11 0.86
0.205 0.85
0.285 0.975
0.195 0.965
0.24 0.965
0.23 0.975
0.205 0.945
0.25 0.95
0.125 0.855
0.13 0.86
0.07 0.98
0.08 0.975
0.005 0.92
0.29 0.84
0.405 0.315
0.245 0.57
0.05 0.695
0 0.75
0.125 0.065
0.31 0.86
0.16 0.895
0.28 0.905
0.305 0.955
0.275 0.92
0.29 0.965
0.21 0.935
0.205 0.97
0.23 0.975
0.25 0.995
0.25 0.995
0.25 0.995
0.25 0.995
0.265 0.93
0.175 0.96
0.17 0.98
0.195 0.92
0.195 0.97
0.265 0.955
0.14 0.91
0.185 0.875
0.21 0.86
0.095 0.9
0.18 0.885
0.105 0.965
0.275 0.975
0.19 0.97
0.175 0.975
0.165 0.96
0.255 0.935
0.17 0.99
0.25 0.995
0.25 0.995
0.25 0.995
0.25 0.995
0.26 0.97
0.215 0.97
0.245 0.94
0.205 0.925
0.265 0.915
0.31 0.99
0.14 0.95
0.22 0.885
0.1 0.055
0.15 0.025
0.02 0.39
0.07 0.35
0.395 0.44
0.56 0.575
0.12 0.745
0.13 0.745
0.135 0.815
0.01 0.115
0.44 0.615
0.14 0.44
0.03 0.99
0.21 0.86
0.135 0.905
0.14 0.915
0.34 0.94
0.035 0.015
0.12 0.71
0.055 0.66
0.11 0.44
0.115 0.08
0.355 0.515
0.12 0.745
0.28 0.825
0.36 0.88
0.1 0.885
0.085 0.935
0.12 0.89
0.29 0.89
0.115 0.94
0.22 0.89
0.27 0.91
0.265 0.92
0.18 0.93
0.26 0.935
0.17 0.91
0.22 0.91
0.23 0.93
0.28 0.965
0.225 0.935
0.2 0.955
0.25 0.995
0.25 0.995
0.25 0.995
0.255 0.985
0.25 0.995
0.25 0.995
0.23 0.97
0.23 0.965
0.195 0.965
0.25 0.945
0.25 0.97
0.22 0.965
0.25 0.995
0.25 0.995
0.25 0.995
0.235 0.98
0.25 0.995
0.25 0.995
0.21 0.945
0.285 0.975
0.27 0.95
0.19 0.945
0.18 0.915
0.24 0.905
0.185 0.945
0.185 0.93
0.24 0.915
0.265 0.91
0.13 0.95
0.19 0.88
0.185 0.87
0.085 0.96
0.035 0.015
0.08 0.915
0.06 0.865
0.12 0.44
0.035 0.965
0.02 0.98
0.285 0.885
0.12 0.975
0.33 0.945
0.12 0.93
0.26 0.905
0.3 0.97
0.24 0.935
0.27 0.955
0.215 0.925
0.255 0.94
0.315 0.95
0.14 0.965
0.3 0.995
0.295 0.975
0.2 0.895
0.23 0.905
0.235 0.965
0.24 0.98
0.25 0.995
0.25 0.995
0.25 0.995
0.25 0.995
0.25 0.995
0.25 0.995
0.25 0.995
0.25 0.995
0.25 0.995
0.25 0.995
0.25 0.995
0.25 0.995
0.25 0.995
0.25 0.995
0.265 0.975
0.255 0.97
0.24 0.9
0.24 0.905
0.165 0.97
0.23 0.92
0.145 0.92
0.15 0.92
0.26 0.935
0.2 0.935
0.2 0.945
0.27 0.95
0.24 0.91
0.16 0.995
0.105 0.945
0.115 0.925
0.215 0.88
0.295 0.9
0.2 0.845
0.305 0.865
0.48 0.995
0.51 0.975
0.595 0.955
0.715 0.185
0.78 0.095
0.19 0.515
0.44 0.295
0.47 0.52
0.405 0.885
0.1 0.11
0.02 0.095
0.105 0.04
0.335 0.865
0.335 0.9
0.13 0.885
0.115 0.925
0.285 0.9
0.14 0.96
0.135 0.82
0.095 0.855
0.115 0.855
0.08 0.905
0.105 0.945
0.325 0.97
0.055 0.95
0.11 0.02
0.055 0.02
0.31 0.89
0.155 0.91
0.225 0.895
0.285 0.94
0.28 0.94
0.285 0.95
0.27 0.935
0.215 0.955
0.215 0.96
0.24 0.93
0.19 0.955
0.21 0.955
0.205 0.975
0.265 0.98
0.25 0.995
0.225 0.975
0.24 0.985
0.25 0.995
0.25 0.995
0.25 0.995
0.25 0.995
0.25 0.995
0.25 0.995
0.25 0.995
0.25 0.995
0.25 0.995
0.25 0.995
0.09 0.02
0.125 0.89
0.245 0.865
0.06 0.985
0.15 0.915
0.135 0.94
0.29 0.865
0.335 0.9
0.345 0.89
0.35 0.89
0.115 0.92
0.185 0.865
0.215 0.91
0.175 0.92
0.175 0.905
0.31 0.955
0.27 0.935
0.17 0.955
0.045 0.455
0.375 0.905
0.375 0.59
0 0.615
0.355 0.9
0.365 0.9
0.85 0.175
0.5 0.825
0.47 0.935
0.49 0.955
0.555 0.155
0.615 0.99
0.35 0.885
0.79 0.985
0.165 0.385
0.21 0.51
0.1 0.835
0.795 0.975
0.29 0.965
0.19 0.92
0.18 0.905
0.18 0.895
0.23 0.915
0.155 0.985
0.115 0.93
0.07 0.015
0.07 0.905
0.225 0.835
0.33 0.92
0 0.03
0.31 0.96
0.21 0.885
0.12 0.9
0.09 0.905
0.1 0.945
0.055 0.98
0.25 0.995
0.25 0.995
0.25 0.995
0.25 0.995
0.25 0.995
0.25 0.995
0.25 0.995
0.25 0.995
0.25 0.995
0.245 0.99
0.25 0.995
0.235 0.97
0.25 0.995
0.25 0.975
0.225 0.965
0.195 0.98
0.2 0.945
0.185 0.945
0.205 0.985
0.195 0.965
0.29 0.995
0.25 0.92
0.24 0.925
0.16 0.96
0.165 0.915
0.135 0.93
0.25 0.875
0.08 0.925
0.085 0.945
0.005 0.96
0.22 0.885
0.275 0.88
0.015 0.02
0.35 0.925
0.34 0.875
0.37 0.855
0.195 0.895
0.24 0.89
0.24 0.88
0.08 0.975
0.125 0.02
0.115 0.05
0.34 0.925
0.125 0.045
0.375 0.9
0.4 0.785
0.945 0.14
0.945 0.225
0.38 0.625
0.86 0.155
0.845 0.715
0.595 0.98
0.43 0.99
0.48 0.995
0.515 0.955
0.445 0.985
0.57 0.71
0.09 0.05
0.09 0.035
0.105 0.01
0.25 0.995
0.25 0.995
0.25 0.995
0.315 0.9
0.11 0.015
0.07 0.02
0.34 0.835
0.105 0.09
0.075 0.9
0.26 0.935
0.235 0.94
0.265 0.955
0.065 0.4
0.115 0.84
0.32 0.86
0.17 0.695
0.12 0.735
0.025 0.73
0.285 0.915
0.235 0.905
0.165 0.995
0.23 0.965
0.24 0.98
0.25 0.995
0.19 0.955
0.285 0.99
0.265 0.945
0.23 0.895
0.3 0.925
0.315 0.93
0.27 0.97
0.195 0.965
0.275 0.95
0.25 0.995
0.25 0.995
0.25 0.995
0.265 0.935
0.175 0.935
0.295 0.945
0.16 0.025
0.115 0.36
0.095 0.725
0.17 0.695
0.47 0.815
0.125 0.34
0.12 0.85
0.15 0.85
0.14 0.875
0.81 0.635
0.22 0.775
0.13 0.34
0.155 0.03
0.005 0.93
0.13 0.015
0.215 0.885
0.265 0.9
0.165 0.935
0.15 0.985
0.3 0.97
0.285 0.96
0.25 0.995
0.25 0.995
0.25 0.995
0.25 0.995
0.235 0.98
0.235 0.965
0.25 0.995
0.25 0.995
0.25 0.995
0.18 0.95
0.275 0.94
0.29 0.96
0.295 0.96
0.25 0.91
0.215 0.9
0.055 0.025
0.3 0.865
0.08 0.08
0.09 0.05
0.02 0.97
0.13 0.89
0.225 0.9
0.16 0.965
0.255 0.93
0.28 0.89
0.305 0.935
0.31 0.975
0.27 0.97
0.23 0.975
0.25 0.995
0.25 0.995
0.25 0.995
0.25 0.995
0.265 0.98
0.245 0.98
0.25 0.995
0.245 0.89
0.305 0.94
0.145 0.97
0.23 0.915
0.17 0.95
0.19 0.925
0.31 0.88
0.075 0.025
0.07 0.97
0.44 0.98
0.6 0.77
0.27 0.205
0.15 0.73
0.07 0.705
0.13 0.42
0.035 0.975
0.08 0.95
0.29 0.89
0.1 0.065
0.34 0.93
0.095 0.915
0.095 0.955
0.305 0.905
0.175 0.88
0.18 0.95
0.275 0.95
0.24 0.94
0.24 0.94
0.275 0.965
0.22 0.965
0.25 0.995
0.25 0.995
0.25 0.995
0.25 0.995
0.25 0.995
0.25 0.995
0.125 0.92
0.12 0.935
0.29 0.895
0.33 0.95
0.325 0.93
0.035 0.015
0.29 0.965
0.28 0.945
0.295 0.96
0.015 0.085
0.025 0.1
0.02 0.46
0.39 0.755
0.145 0.285
0.975 0.73
0.085 0.895
0.105 0.075
0.065 0.835
0.26 0.94
0.175 0.965
0.285 0.94
0.15 0.9
0.135 0.895
0.07 0.94
0.17 0.91
0.235 0.89
0.1 0.965
0.25 0.995
0.25 0.995
0.25 0.995
0.25 0.995
0.25 0.995
0.25 0.995
0.23 0.975
0.21 0.97
0.195 0.99
0.2 0.99
0.27 0.955
0.205 0.93
0.25 0.9
0.125 0.95
0.1 0.945
0.11 0.955
0.14 0.88
0.005 0.025
0.3 0.92
0.24 0.88
0.075 0.99
0.13 0.84
0.025 0.895
0.13 0.355
0.3 0.435
0.82 0.235
0.595 0.97
0.28 0.205
0.765 0.215
0.84 0.335
0.105 0.55
0.155 0.395
0.57 0.64
0.305 0.85
0.02 0.955
0.11 0.905
0.115 0.945
0.165 0.905
0.12 0.97
0.25 0.995
0.25 0.995
0.25 0.995
0.25 0.995
0.25 0.995
0.25 0.995
0.145 0.94
0.315 0.97
0.17 0.9
0.22 0.89
0.19 0.885
0.2 0.855
0.11 0.855
0.125 0.035
0.285 0.87
0.32 0.935
0.17 0.895
0.07 0.02
0.28 0.975
0.225 0.96
0.255 0.97
0.25 0.995
0.25 0.995
0.24 0.96
0.325 0.91
0.24 0.87
0.1 0.97
0.15 0.895
0.14 0.915
0.29 0.86
0.905 0.74
0.235 0.635
0.3 0.56
0.035 0.7
0.38 0.84
0.115 0.84
0.095 0.98
0.145 0.9
0.32 0.975
0.23 0.895
0.23 0.9
0.175 0.945
0.275 0.97
0.27 0.98
0.24 0.995
0.25 0.995
0.25 0.995
0.25 0.995
0.305 0.985
0.19 0.91
0.255 0.91
0.295 0.945
0.22 0.9
0.21 0.935
0.25 0.875
0.115 0.9
0.33 0.895
0.08 0.885
0.14 0.05
0.08 0.015
0.195 0.97
0.195 0.95
0.26 0.93
0.16 0.975
0.21 0.895
0.17 0.95
0.25 0.995
0.25 0.995
0.25 0.995
0.25 0.995
0.25 0.995
0.26 0.99
0.28 0.97
0.275 0.95
0.175 0.94
0.155 0.95
0.305 0.94
0.315 0.99
0.22 0.86
0.06 0.04
0.335 0.865
0.025 0.12
0.125 0.45
0.37 0.47
0.31 0.815
0.015 0.665
0.06 0.86
0 0.945
0.34 0.96
0.015 0.745
0.205 0.87
0.22 0.885
0.295 0.93
0.225 0.905
0.31 0.91
0.025 0.39
0.085 0.09
0.33 0.88
0.06 0.735
0.12 0.35
0.065 0.83
0.075 0.09
0.04 0.99
0.095 0.945
0.33 0.95
0.285 0.895
0.16 0.91
0.165 0.925
0.2 0.915
0.24 0.925
0.16 0.94
0.175 0.95
0.28 0.96
0.27 0.955
0.255 0.97
0.265 0.98
0.235 0.97
0.27 0.975
0.23 0.96
0.25 0.995
0.2 0.96
0.285 0.98
0.26 0.935
0.235 0.92
0.26 0.955
0.25 0.995
0.25 0.995
0.235 0.97
0.245 0.99
0.275 0.98
0.265 0.96
0.205 0.96
0.195 0.965
0.215 0.945
0.28 0.94
0.26 0.94
0.245 0.93
0.245 0.92
0.25 0.91
0.3 0.935
0.115 0.96
0.265 0.88
0.205 0.865
0.065 0.885
0.04 0.96
0.05 0.96
0.145 0.885
0.285 0.9
0.31 0.985
0.29 0.9
0.3 0.975
0.195 0.935
0.21 0.95
0.225 0.965
0.19 0.96
0.2 0.9
0.26 0.92
0.29 0.995
0.3 0.97
0.26 0.99
0.25 0.995
0.25 0.995
0.25 0.995
0.25 0.995
0.25 0.995
0.25 0.995
0.25 0.995
0.25 0.995
0.25 0.995
0.25 0.995
0.25 0.995
0.25 0.995
0.25 0.995
0.165 0.965
0.285 0.955
0.23 0.935
0.19 0.96
0.28 0.925
0.22 0.95
0.195 0.99
0.265 0.96
0.175 0.955
0.225 0.89
0.275 0.9
0.16 0.91
0.09 0.93
0.48 0.995
0.48 0.995
0.48 0.995
0.48 0.995
0.47 0.995
0.485 0.965
0.465 0.97
0.545 0.965
0.51 0.895
0.865 0.775
0.3 0.16
0.94 0.755
0.93 0.75
0.785 0.34
0.18 0.12
0.32 0.645
0.51 0.2
0.245 0.425
0.85 0.535
0.475 0.495
0.8 0.55
0.345 0.6
0.125 0.745
0.055 0.52
0.02 0.825
0.42 0.805
0.085 0.095
0.355 0.955
0.06 0.93
0.07 0.02
0.29 0.905
0.09 0.79
0.07 0.82
0.095 0.455
0.37 0.88
0.36 0.855
0.08 0.435
0.345 0.845
0.35 0.875
0.12 0.06
0.145 0.025
0.055 0.09
0.04 0.085
0.24 0.87
0.02 0.055
0.09 0.07
0.09 0.065
0.13 0.025
0.08 0.055
0.085 0.045
0.075 0.05
0.07 0.045
0.005 0.025
0.075 0.91
0.08 0.905
0.31 0.87
0.215 0.88
0.275 0.915
0.155 0.965
0.19 0.91
0.195 0.95
0.24 0.93
0.275 0.955
0.24 0.95
0.27 0.965
0.265 0.98
0.205 0.995
0.23 0.97
0.23 0.975
0.25 0.995
0.25 0.995
0.25 0.995
0.25 0.995
0.25 0.995
0.04 0.96
0.265 0.855
0.035 0.03
0.04 0.955
0.03 0.96
0.265 0.855
0.315 0.865
0.035 0.945
0.335 0.885
0.345 0.905
0.34 0.88
0.285 0.85
0.105 0.99
0.01 0.095
0.12 0.84
0.325 0.85
0.085 0.855
0.12 0.83
0.195 0.825
0.365 0.86
0.125 0.385
0.375 0.855
0.12 0.365
0.165 0.055
0.14 0.42
0.205 0.85
0.22 0.895
0.305 0.935
0.125 0.93
0.215 0.905
0.07 0.345
0.09 0.505
0.375 0.79
0.195 0.385
0.46 0.745
0.205 0.41
0.48 0.775
0.495 0.625
0.22 0.665
0.885 0.68
0.805 0.715
0.275 0.22
0.07 0.48
0.66 0.255
0.745 0.255
0.725 0.275
0.565 0.905
0.865 0.805
0.535 0.95
0.45 0.985
0.48 0.995
0.48 0.995
0.48 0.995
0.48 0.995
0.48 0.995
0.48 0.995
0.45 0.985
0.45 0.97
0.45 0.94
0.565 0.905
0.785 0.765
0.66 0.255
0.805 0.715
0.07 0.355
0.42 0.7
0.255 0.765
0.63 0.315
0.495 0.625
0.27 0.465
0.46 0.745
0.025 0.535
0.195 0.385
0.22 0.8
0.07 0.345
0.105 0.47
0.25 0.91
0.195 0.895
0.32 0.96
0.295 0.89
0.145 0.97
0.075 0.935
0.115 0.045
0.11 0.44
0.12 0.365
0.125 0.385
0.065 0.115
0.22 0.83
0.115 0.05
0.05 0.105
0.12 0.84
0.01 0.095
0.34 0.88
0.275 0.89
0.23 0.87
0.19 0.845
0.345 0.905
0.33 0.875
0.025 0.955
0.03 0.96
0.08 0.925
0.065 0.045
0.1 0.04
0.045 0.035
0.08 0.905
0.25 0.995
0.25 0.995
0.25 0.995
0.25 0.995
0.25 0.995
0.25 0.995
0.25 0.995
0.25 0.995
0.27 0.98
0.235 0.98
0.25 0.995
0.265 0.985
0.205 0.975
0.255 0.945
0.27 0.96
0.195 0.94
0.265 0.925
0.24 0.905
0.24 0.915
0.14 0.925
0.22 0.875
0.055 0.98
0.075 0.91
0.07 0.045
0.335 0.89
0.08 0.055
0.04 0.99
0.24 0.85
0.005 0.945
0.02 0.055
0.34 0.875
0.135 0.905
0.005 0.005
0.075 0.9
0.145 0.025
0.35 0.875
0.345 0.845
0.36 0.855
0.355 0.885
0.37 0.88
0.07 0.82
0.09 0.79
0.015 0.5
0.25 0.9
0.125 0.96
0.105 0.96
0.07 0.98
0.13 0.015
0.105 0.04
0.355 0.88
0.06 0.475
0.055 0.52
0.345 0.6
0.2 0.475
0.175 0.565
0.44 0.555
0.35 0.66
0.32 0.645
0.485 0.33
0.245 0.21
0.89 0.055
0.48 0.68
0.63 0.255
0.3 0.16
0.51 0.895
0.545 0.965
0.485 0.965
0.45 0.975
0.47 0.995
0.48 0.995
0.48 0.995
0.48 0.995
0.48 0.995
