0.48 0.995
0.48 0.995
0.48 0.995
0.015 0.97
0.2 0.845
0.315 0.87
0.25 0.995
0.25 0.995
0.25 0.995
0.345 0.945
0.105 0.04
0.315 0.87
0.375 0.905
0.105 0.47
0.045 0.79
0.185 0.93
0.17 0.98
0.215 0.91
0.02 0.865
0.13 0.09
0.045 0.79
0.04 0.68
0.02 0.825
0.41 0.79
0.22 0.91
0.19 0.92
0.19 0.915
0.25 0.97
0.265 0.99
0.21 0.99
0.2 0.985
0.225 0.965
0.205 0.995
0.15 0.97
0.23 0.905
0.165 0.995
0.26 0.96
0.2 0.97
0.205 0.995
0.22 0.995
0.21 0.99
0.225 0.97
0.165 0.95
0.275 0.92
0.16 0.965
0.07 0.645
0.435 0.795
0.41 0.79
0.69 0.335
0.5 0.335
0.845 0.695
0.08 0.405
0.355 0.845
0.07 0.125
0.635 0.165
0.145 0.245
0.845 0.695
0.085 0.085
0.155 0.835
0.355 0.95
0.285 0.915
0.15 0.995
0.235 0.895
0.305 0.985
0.195 0.91
0.29 0.935
0.25 0.995
0.25 0.995
0.25 0.995
0.25 0.995
0.25 0.995
0.25 0.995
0.25 0.995
0.25 0.995
0.25 0.995
0.16 0.95
0.24 0.905
0.275 0.915
0.26 0.9
0.195 0.89
0.135 0.945
0.145 0.025
0.115 0.065
0.355 0.95
0 0.945
0 0.05
0.02 0.08
0.29 0.93
0.295 0.94
0.315 0.965
0.265 0.88
0.125 0.91
0.11 0.01
0.26 0.96
0.275 0.99
0.195 0.985
0.25 0.995
0.25 0.995
0.25 0.995
0.21 0.965
0.2 0.97
0.22 0.955
0.26 0.88
0.095 0.995
0.315 0.905
0.155 0.93
0.18 0.9
0.205 0.89
0.345 0.905
0.195 0.835
0.02 0.08
0.965 0.895
0.94 0.755
0.525 0.805
0 0.375
0.365 0.945
0.01 0.735
0.02 0.005
0.095 0.995
0.075 0.015
0.065 0.99
0.09 0.97
0.105 0.015
0.3 0.925
0.14 0.99
0.315 0.97
0.205 0.95
0.195 0.985
0.28 0.975
0.195 0.975
0.2 0.985
0.28 0.985
0.25 0.995
0.25 0.995
0.25 0.995
0.25 0.995
0.25 0.995
0.25 0.995
0.14 0.955
0.15 0.995
0.31 0.985
0.295 0.91
0.15 0.91
0.16 0.91
0.195 0.95
0.265 0.95
0.22 0.95
0.005 0.975
0.1 0.905
0.27 0.87
0.19 0.025
0.01 0.81
0.12 0.37
0.14 0.005
0.16 0.855
0.135 0.88
0.285 0.98
0.26 0.945
0.245 0.95
0.13 0.93
0.16 0.895
0.315 0.965
0.265 0.9
0.14 0.99
0.15 0.99
0.25 0.995
0.25 0.995
0.25 0.995
0.25 0.995
0.25 0.995
0.25 0.995
0.2 0.965
0.255 0.95
0.21 0.955
0.25 0.95
0.245 0.945
0.205 0.955
0.135 0.935
0.125 0.995
0.275 0.9
0.145 0.875
0.1 0.905
0.08 0.015
0.09 0.96
0.1 0.915
0.09 0.015
0.025 0.87
0.125 0.355
0.03 0.85
0.3 0.16
0.94 0.77
0.525 0.805
0.955 0.805
0.865 0.805
0.62 0.795
0.61 0.4
0.515 0.75
0.7 0.74
0.565 0.905
0.56 0.975
0.62 0.795
0.34 0.905
0 0.95
0.05 0.06
0.325 0.95
0.295 0.9
0.1 0.945
0.11 0.99
0.13 0.92
0.33 0.97
0.25 0.995
0.25 0.995
0.25 0.995
0.25 0.995
0.25 0.995
0.25 0.995
0.25 0.995
0.25 0.995
0.25 0.995
0.325 0.965
0.04 0
0.115 0.925
0.185 0.875
0.125 0
0.1 0.935
0.24 0.85
0.34 0.89
0.05 0.06
0.105 0.845
0.22 0.83
0.085 0.415
0.035 0.015
0.21 0.86
0.05 0.95
0.07 0.075
0.075 0.9
0.08 0.875
0.245 0.945
0.28 0.965
0.26 0.94
0.27 0.98
0.24 0.965
0.27 0.965
0.21 0.945
0.2 0.945
0.26 0.94
0.03 0.955
0.105 0.865
0.32 0.85
0.335 0.995
0.31 0.88
0.045 0.955
0.085 0.855
0.045 0.41
0.085 0.415
0.83 0.62
0.695 0.45
0.77 0.635
0.105 0.8
0.08 0.825
0.06 0.13
0.325 0.85
0.02 0.04
0.11 0.075
0.13 0.945
0.185 0.895
0.13 0.98
0.275 0.915
0.23 0.91
0.3 0.96
0.29 0.995
0.28 0.96
0.245 0.935
0.26 0.965
0.235 0.97
0.265 0.965
0.25 0.995
0.25 0.995
0.25 0.995
0.25 0.995
0.25 0.995
0.25 0.995
0.26 0.93
0.195 0.935
0.29 0.975
0.205 0.92
0.175 0.965
0.19 0.94
0.22 0.955
0.2 0.975
0.275 0.995
0.24 0.885
0.18 0.885
0.155 0.905
0.1 0.91
0.21 0.86
0.1 0.945
0.195 0.88
0.14 0.91
0.13 0.945
0.205 0.96
0.195 0.975
0.275 0.99
0.295 0.99
0.17 0.965
0.185 0.945
0.25 0.93
0.175 0.955
0.18 0.99
0.25 0.995
0.25 0.995
0.25 0.995
0.25 0.995
0.25 0.995
0.25 0.995
0.21 0.99
0.215 0.965
0.205 0.99
0.245 0.935
0.175 0.97
0.24 0.935
0.155 0.985
0.22 0.9
0.155 0.955
0.145 0.92
0.28 0.895
0.135 0.94
0.125 0.04
0.06 0.425
0.73 0.995
0.075 0.125
0.03 0.655
0.02 0.8
0.86 0.155
0.83 0.385
0.77 0.635
0.78 0.57
0.985 0.44
0.88 0.505
0.365 0.835
0.06 0.85
0.055 0.36
0.41 0.615
0.99 0.375
0.365 0.53
0.005 0.975
0.335 0.92
0.07 0.91
0.15 0.895
0.08 0
0.265 0.875
0.18 0.85
0.27 0.86
0.325 0.875
0.99 0.15
0.89 0.065
0.4 0.455
0.365 0.87
0.09 0.45
0.025 0.71
0.985 0.16
0.96 0.54
0.88 0.505
0.74 0.98
0.085 0.44
0.035 0.455
0.07 0.93
0.055 0.02
0.075 0.92
0.175 0.865
0.095 0.99
0.115 0.9
0.12 0.99
0.13 0.945
0.295 0.905
0.305 0.975
0.245 0.915
0.305 0.975
0.265 0.93
0.2 0.93
0.205 0.92
0.275 0.915
0.25 0.91
0.31 0.97
0.185 0.955
0.23 0.94
0.26 0.935
0.225 0.94
0.245 0.945
0.215 0.935
0.25 0.995
0.25 0.995
0.25 0.995
0.25 0.995
0.25 0.995
0.25 0.995
0.25 0.995
0.25 0.995
0.25 0.995
0.22 0.975
0.22 0.985
0.225 0.995
0.22 0.95
0.195 0.965
0.2 0.99
0.215 0.985
0.23 0.97
0.23 0.985
0.25 0.995
0.25 0.995
0.25 0.995
0.25 0.995
0.25 0.995
0.25 0.995
0.25 0.995
0.25 0.995
0.25 0.995
0.195 0.95
0.21 0.935
0.21 0.935
0.26 0.94
0.185 0.945
0.265 0.935
0.175 0.915
0.28 0.915
0.215 0.9
0.18 0.945
0.17 0.99
0.29 0.96
0.23 0.91
0.275 0.915
0.265 0.91
0.215 0.885
0.11 0.98
0.275 0.89
0.06 0.01
0.095 0.02
0.105 0.015
0.055 0.97
0.345 0.945
0.085 0.04
0.37 0.88
0.075 0.45
0.035 0.455
0.055 0.935
0.08 0.05
0.345 0.99
0.19 0.875
0.09 0
0.09 0.99
0.095 0.975
0.325 0.945
0.015 0.005
0.155 0.98
0.17 0.925
0.31 0.98
0.195 0.945
0.185 0.975
0.215 0.93
0.29 0.97
0.21 0.93
0.295 0.975
0.31 0.945
0.13 0.96
0.225 0.885
0.165 0.97
0.165 0.97
0.155 0.975
0.235 0.9
0.24 0.9
0.135 0.98
0.23 0.97
0.22 0.985
0.225 0.965
0.25 0.995
0.25 0.995
0.25 0.995
0.25 0.995
0.25 0.995
0.25 0.985
0.25 0.995
0.25 0.995
0.25 0.995
0.25 0.995
0.25 0.995
0.25 0.995
0.25 0.995
0.25 0.995
0.25 0.995
0.25 0.995
0.25 0.995
0.25 0.985
0.25 0.995
0.25 0.995
0.25 0.995
0.235 0.97
0.27 0.975
0.205 0.995
0.3 0.945
0.205 0.895
0.135 0.98
0.26 0.92
0.165 0.95
0.195 0.905
0.145 0.92
0.125 0.96
0.18 0.885
0.215 0.93
0.21 0.925
0.295 0.985
0.265 0.945
0.265 0.94
0.275 0.945
0.16 0.94
0.15 0.96
0.285 0.925
0.23 0.875
0.085 0.98
0.11 0.91
0.11 0.99
0.12 0.915
0.085 0.99
0.065 0.045
0.185 0.84
0.345 0.99
0.46 0.985
0.5 0.965
0.47 0.985
0.29 0.175
0.66 0.29
0.925 0.905
0.665 0.075
0.99 0.59
0.595 0.485
0.14 0.12
0.22 0.5
0.475 0.79
0.18 0.035
0.155 0.055
0.4 0.86
0.01 0.06
0.135 0.855
0.045 0.08
0.34 0.89
0.33 0.89
0.085 0.07
0.09 0.965
0.135 0.9
0.21 0.87
0.135 0.995
0.215 0.895
0.13 0.965
0.06 0.87
0.07 0.09
0.015 0.11
0.345 0.995
0.15 0.855
0.11 0.885
0.11 0.955
0.18 0.885
0.325 0.97
0.085 0.92
0.13 0.885
0.275 0.87
0.16 0.865
0.265 0.875
0.14 0.89
0.16 0.91
0.31 0.99
0.24 0.9
0.225 0.915
0.295 0.99
0.275 0.935
0.175 0.955
0.185 0.945
0.29 0.99
0.21 0.96
0.205 0.975
0.24 0.96
0.24 0.935
0.27 0.95
0.24 0.935
0.2 0.97
0.21 0.97
0.23 0.96
0.26 0.985
0.25 0.995
0.25 0.98
0.225 0.99
0.25 0.99
0.26 0.98
0.25 0.995
0.25 0.995
0.25 0.995
0.25 0.995
0.25 0.995
0.25 0.995
0.25 0.995
0.25 0.995
0.25 0.995
0.25 0.995
0.25 0.995
0.25 0.995
0.25 0.995
0.25 0.995
0.25 0.995
0.165 0.865
0.09 0.99
0.33 0.955
0.3 0.88
0.21 0.865
0.21 0.87
0.315 0.99
0.155 0.92
0.145 0.985
0.12 0.875
0.13 0.875
0.035 0.015
0.215 0.84
0.24 0.85
0.335 0.915
0.115 0.92
0.105 0.965
0.13 0.915
0.2 0.91
0.3 0.98
0.24 0.92
0.295 0.935
0.18 0.905
0.25 0.91
0.265 0.93
0.21 0.925
0.195 0.935
0.15 0.815
0.04 0.115
0.03 0.915
0.105 0.7
0.01 0.64
0.37 0.975
0.225 0.835
0.265 0.84
0.115 0.045
0.28 0.755
0.095 0.265
0.45 0.405
0.625 0.825
0.295 0.095
0.68 0.22
0.82 0.68
0.875 0.195
0.66 0.955
0.78 0.99
0.29 0.84
0 0.085
0.195 0.785
0.41 0.59
0.375 0.94
0.02 0.895
0.16 0.815
0.05 0.105
0.175 0.955
0.175 0.995
0.195 0.935
0.175 0.905
0.185 0.9
0.16 0.94
0.205 0.91
0.215 0.91
0.17 0.99
0.16 0.88
0.105 0.94
0.18 0.88
0.06 0.905
0.11 0.055
0 0.96
0.12 0.02
0.27 0.86
0.125 0.885
0.135 0.975
0.135 0.99
0.24 0.9
0.105 0.91
0.055 0.02
0.1 0.94
0.085 0.96
0.045 0.015
0.045 0.005
0.25 0.995
0.25 0.995
0.25 0.995
0.25 0.995
0.25 0.995
0.25 0.995
0.25 0.995
0.25 0.995
0.25 0.995
0.25 0.995
0.25 0.995
0.25 0.995
0.25 0.995
0.25 0.995
0.25 0.995
0.23 0.99
0.22 0.985
0.235 0.985
0.25 0.985
0.23 0.98
0.24 0.985
0.2 0.99
0.195 0.98
0.2 0.97
0.21 0.935
0.2 0.93
0.19 0.945
0.2 0.975
0.195 0.99
0.215 0.965
0.285 0.955
0.18 0.935
0.29 0.97
0.245 0.92
0.165 0.995
0.225 0.92
0.14 0.955
0.205 0.89
0.185 0.9
0.08 0.975
0.31 0.885
0.265 0.875
0 0.98
0.335 0.92
0.02 0.01
0.105 0
0.04 0
0.245 0.885
0.025 0.965
0.03 0.05
0.01 0.025
0.03 0.105
0.115 0.385
0.15 0.83
0.26 0.895
0.125 0.955
0.135 0.99
0.095 0.965
0.26 0.87
0.085 0.99
0.065 0.07
0.345 0.885
0.05 0.075
0.125 0.03
0.015 0.095
0.33 0.875
0.395 0.875
0.07 0.645
0.025 0.49
0.635 0.51
0.255 0.35
0.36 0.265
0.01 0.605
0.695 0.115
0.27 0.47
0.405 0.095
0.31 0.115
0.76 0.75
0.47 0.995
0.49 0.995
0.47 0.985
0.46 0.985
0.48 0.995
0.47 0.985
0.495 0.94
0.505 0.945
0.48 0.995
0.515 0.995
0.49 0.995
0.47 0.985
0 0.025
0.015 0.96
0.345 0.99
0 0.005
0.07 0.995
0.07 0.935
0.07 0.98
0.24 0.87
0.09 0.915
0.25 0.995
0.25 0.995
0.25 0.995
0.25 0.995
0.25 0.995
0.25 0.995
0.25 0.995
0.25 0.995
0.25 0.995
0.135 0
0.04 0.995
0.015 0.015
0.075 0.965
0.075 0.93
0.05 0.96
0.13 0.855
0.185 0.84
0.345 0.99
0.775 0.98
0.33 0.825
0.035 0.455
0.305 0.845
0.35 0.895
0.145 0.82
0.115 0.395
0.07 0.435
0.075 0.455
0.18 0.98
0.245 0.93
0.18 0.945
0.275 0.96
0.21 0.945
0.23 0.935
0.2 0.935
0.26 0.935
0.26 0.93
0.01 0.415
0.025 0.385
0.3 0.825
0.105 0.855
0.105 0.845
0.335 0.83
0.07 0.445
0.075 0.45
0.035 0.455
0.97 0.51
0.175 0.075
0.88 0.505
0.145 0.43
0.07 0.795
0.265 0.815
0.03 0.75
0.1 0.095
0.045 0.765
0.305 0.955
0.175 0.915
0.265 0.905
0.175 0.92
0.185 0.92
0.205 0.91
0.19 0.925
0.185 0.94
0.28 0.945
0.23 0.97
0.24 0.97
0.245 0.965
0.25 0.995
0.25 0.995
0.24 0.995
0.25 0.995
0.25 0.995
0.25 0.995
0.285 0.985
0.275 0.965
0.255 0.95
0.285 0.995
0.27 0.955
0.28 0.995
0.2 0.97
0.215 0.965
0.265 0.965
0.315 0.965
0.31 0.995
0.145 0.965
0.12 0.995
0.22 0.885
0.25 0.895
0.135 0.96
0.23 0.895
0.23 0.9
0.2 0.975
0.2 0.99
0.21 0.97
0.285 0.98
0.23 0.94
0.245 0.95
0.21 0.945
0.285 0.995
0.22 0.95
0.25 0.995
0.24 0.995
0.25 0.995
0.25 0.995
0.25 0.985
0.26 0.985
0.245 0.97
0.21 0.975
0.21 0.985
0.295 0.985
0.295 0.965
0.195 0.925
0.265 0.915
0.305 0.965
0.16 0.955
0.15 0.985
0.14 0.97
0.15 0.985
0.015 0.465
0.08 0.355
0.055 0.465
0.075 0.725
0.23 0.805
0.07 0.34
0.8 0.55
0.96 0.54
0.88 0.505
0.375 0.35
0.64 0.425
0.77 0.635
0.925 0.125
0.7 0.605
0.85 0.4
0.475 0.715
0.87 0.965
0.515 0.09
0.225 0.845
0.165 0.005
0.285 0.84
0.02 0.995
0.08 0.03
0.045 0.06
0.02 0.04
0.09 0.875
0.285 0.84
0.485 0.65
0.88 0.205
0.615 0.185
0.13 0.505
0.83 0.515
0.82 0.04
0.48 0.775
0.83 0.385
0.77 0.635
0.005 0.43
0.35 0.875
0.085 0.415
0.245 0.85
0.005 0.96
0.77 0.995
0.13 0.86
0.12 0.88
0.295 0.86
0.13 0.98
0.14 0.995
0.18 0.89
0.28 0.92
0.25 0.91
0.21 0.9
0.19 0.91
0.165 0.985
0.305 0.97
0.28 0.925
0.26 0.91
0.15 0.96
0.21 0.92
0.205 0.925
0.255 0.92
0.295 0.985
0.175 0.97
0.24 0.92
0.25 0.995
0.25 0.995
0.25 0.995
0.25 0.995
0.25 0.995
0.25 0.995
0.25 0.995
0.25 0.995
0.25 0.995
0.25 0.99
0.25 0.995
0.25 0.995
0.24 0.97
0.23 0.975
0.24 0.995
0.245 0.995
0.25 0.995
0.25 0.995
0.25 0.995
0.25 0.995
0.25 0.995
0.25 0.995
0.25 0.995
0.25 0.995
0.25 0.995
0.25 0.995
0.25 0.995
0.175 0.995
0.2 0.915
0.175 0.94
0.24 0.925
0.205 0.915
0.3 0.985
0.25 0.91
0.15 0.98
0.185 0.905
0.275 0.925
0.16 0.93
0.255 0.91
0.155 0.945
0.185 0.9
0.165 0.915
0.205 0.89
0.125 0.99
0.315 0.955
0.03 0.025
0.115 0.04
0.06 0.045
0.06 0.055
0.01 0.09
0 0.105
0.345 0.845
0.045 0.41
0.085 0.415
0.03 0.955
0.07 0.08
0.05 0.06
0.02 0.015
0.13 0.88
0.12 0.025
0.095 0.03
0.035 0.02
0.005 0.955
0.155 0.94
0.16 0.925
0.145 0.955
0.28 0.94
0.225 0.92
0.16 0.965
0.165 0.985
0.165 0.965
0.245 0.91
0.32 0.955
0.22 0.88
0.125 0.915
0.145 0.935
0.22 0.895
0.245 0.89
0.275 0.895
0.245 0.89
0.32 0.95
0.235 0.965
0.205 0.985
0.23 0.96
0.255 0.985
0.245 0.99
0.25 0.97
0.225 0.985
0.225 0.985
0.215 0.975
0.25 0.995
0.25 0.995
0.25 0.995
0.25 0.995
0.25 0.995
0.25 0.995
0.25 0.995
0.25 0.995
0.25 0.995
0.235 0.975
0.21 0.99
0.21 0.99
0.24 0.995
0.23 0.99
0.225 0.975
0.22 0.97
0.205 0.975
0.26 0.96
0.145 0.915
0.115 0.98
0.115 0.96
0.14 0.975
0.135 0.975
0.32 0.965
0.12 0.955
0.145 0.9
0.16 0.885
0.275 0.93
0.25 0.91
0.17 0.925
0.17 0.96
0.185 0.92
0.16 0.955
0.23 0.905
0.19 0.9
0.185 0.9
0.03 0.02
0.035 0.035
0.075 0.045
0.065 0.97
0.055 0.955
0.12 0.865
0.025 0.955
0.34 0.89
0.05 0.06
0.59 0.86
0.32 0.06
0.62 0.795
0.69 0.735
0.785 0.88
0.52 0.82
0.275 0.685
0.755 0.655
0.495 0.1
0.705 0.595
0.065 0.71
0.445 0.81
0.045 0.82
0.115 0.44
0.24 0.825
0.02 0.115
0.045 0.915
0.11 0.41
0.05 0.98
0.115 0.015
0.07 0.935
0.085 0.99
0.1 0.005
0.28 0.88
0.11 0.98
0.12 0.97
0.32 0.945
0.07 0.91
0.195 0.85
0.025 0.975
0.145 0.86
0.005 0.005
0.005 0.99
0.33 0.955
0.11 0.95
0.225 0.875
0.225 0.875
0.115 0.99
0.275 0.885
0.235 0.88
0.14 0.91
0.12 0.985
0.265 0.895
0.145 0.99
0.145 0.935
0.195 0.935
0.265 0.945
0.195 0.94
0.26 0.94
0.245 0.945
0.21 0.945
0.195 0.97
0.225 0.96
0.21 0.96
0.24 0.945
0.25 0.95
0.245 0.945
0.2 0.97
0.205 0.985
0.27 0.965
0.245 0.965
0.255 0.97
0.21 0.975
0.25 0.995
0.25 0.995
0.25 0.995
0.25 0.995
0.25 0.995
0.25 0.995
0.25 0.995
0.25 0.995
0.25 0.995
0.25 0.995
0.25 0.995
0.25 0.995
0.25 0.995
0.25 0.995
0.25 0.995
0.25 0.995
0.25 0.995
0.25 0.995
0.185 0.88
0.235 0.89
0.19 0.885
0.31 0.925
0.27 0.89
0.15 0.91
0.14 0.945
0.15 0.935
0.28 0.915
0.16 0.875
0.305 0.91
0.185 0.875
0.115 0.9
0.055 0.01
0.165 0.88
0.11 0.98
0.275 0.89
0.285 0.9
0.175 0.965
0.265 0.94
0.265 0.94
0.17 0.99
0.29 0.96
0.27 0.94
0.18 0.98
0.26 0.94
0.285 0.995
0.305 0.85
0.05 0.935
0.025 0.965
0.06 0.865
0.17 0.005
0.77 0.995
0.025 0.95
0.34 0.91
0.06 0.94
0.84 0.525
0.83 0.975
0.09 0.52
0.495 0.14
0.855 0.65
0.85 0.58
0.18 0.34
0.3 0.595
0.085 0.635
0.045 0.065
0.005 0.96
0.115 0.88
0.35 0.85
0.79 0.99
0.35 0.935
0.015 0.085
0 0.05
0.07 0.915
0.18 0.97
0.195 0.945
0.285 0.975
0.235 0.92
0.195 0.92
0.275 0.945
0.25 0.93
0.175 0.965
0.275 0.95
0.325 0.965
0.275 0.89
0.125 0.99
0.095 0.93
0.005 0.995
0.1 0.975
0.09 0.01
0.15 0.88
0.205 0.875
0.14 0.98
0.275 0.905
0.15 0.94
0.3 0.91
0.225 0.88
0.245 0.89
0.295 0.905
0.085 0
0.125 0.955
0.25 0.995
0.25 0.995
0.25 0.995
0.25 0.995
0.25 0.995
0.25 0.995
0.25 0.995
0.25 0.995
0.25 0.995
0.25 0.995
0.25 0.995
0.25 0.995
0.25 0.995
0.25 0.995
0.25 0.995
0.25 0.995
0.25 0.995
0.25 0.995
0.265 0.97
0.215 0.965
0.21 0.98
0.225 0.96
0.195 0.97
0.24 0.955
0.27 0.955
0.235 0.94
0.24 0.945
0.225 0.955
0.28 0.985
0.2 0.97
0.285 0.97
0.18 0.97
0.195 0.95
0.2 0.935
0.185 0.94
0.21 0.935
0.14 0.995
0.29 0.915
0.17 0.905
0.165 0.885
0.075 0.005
0.115 0.975
0.325 0.95
0.29 0.885
0.135 0.905
0.055 0.005
0.095 0.945
0.33 0.97
0.34 0.985
0.335 0.905
0.02 0.015
0.045 0.035
0.005 0.065
0.055 0.035
0.32 0.95
0.14 0.895
0.305 0.915
0.115 0.005
0.185 0.86
0.01 0
0.07 0.025
0.02 0.975
0.055 0.97
0.185 0.825
0.365 0.84
0.05 0.89
0.075 0.785
0.385 0.91
0.36 0.815
0.145 0.77
0.145 0.49
0.945 0.03
0.48 0.265
0.69 0.175
0.485 0.38
0.775 0.265
0.51 0.89
0.24 0.175
0.545 0.965
0.56 0.975
0.62 0.795
0.745 0.29
0.745 0.255
0.525 0.805
0.43 0.125
0.945 0.945
0.21 0.17
0.68 0.25
0.575 0.885
0.575 0.79
0.04 0.225
0.93 0.295
0.55 0.575
0.4 0.58
0.45 0.8
0.255 0.465
0.25 0.595
0.15 0.295
0.6 0.18
0.4 0.01
0.36 0.04
0.58 0.855
0.515 0.25
0.85 0.275
0.615 0.685
0.67 0.88
0.94 0.77
0.525 0.805
0.095 0.875
0.09 0.07
0.02 0.08
0.24 0.86
0.14 0
0.235 0.855
0.115 0.89
0.03 0.015
0.08 0.03
0.095 0.98
0.1 0.97
0.09 0.96
0.125 0.955
0.3 0.93
0.32 0.995
0.27 0.895
0.3 0.935
0.205 0.885
0.115 0.935
0.065 0
0.33 0.965
0.135 0.985
0.145 0.935
0.16 0.9
0.135 0.975
0.14 0.97
0.13 0.95
0.25 0.995
0.25 0.995
0.25 0.995
0.25 0.995
0.25 0.995
0.25 0.995
0.25 0.995
0.25 0.995
0.25 0.995
0.25 0.995
0.25 0.995
0.25 0.995
0.25 0.995
0.25 0.995
0.25 0.995
0.25 0.995
0.25 0.995
0.25 0.995
0.25 0.995
0.25 0.995
0.25 0.995
0.25 0.995
0.25 0.995
0.25 0.995
0.25 0.995
0.25 0.995
0.25 0.995
0.305 0.945
0.31 0.94
0.13 0.955
0.165 0.905
0.235 0.89
0.15 0.905
0.11 0.985
0.095 0.965
0.31 0.91
0.155 0.91
0.16 0.895
0.125 0.96
0.235 0.89
0.175 0.885
0.115 0.985
0.225 0.875
0.275 0.875
0.015 0
0.01 0.01
0.065 0.035
0.005 0.975
0.06 0.025
0.345 0.95
0.025 0.03
0.015 0.05
0.195 0.835
0.02 0.08
0.035 0.925
0.12 0.84
0.355 0.95
0.045 0.955
0.275 0.86
0 0.045
0.32 0.865
0.295 0.85
0.355 0.945
0.21 0.865
0.005 0.995
0.14 0
0.115 0.98
0.14 0.91
0.105 0.945
0.105 0.995
0.32 0.94
0.265 0.875
0.03 0.995
0.3 0.865
0.15 0.845
0.3 0.89
0.11 0.92
0.065 0.965
0.07 0.965
0.06 0.99
0.05 0.96
0.195 0.97
0.2 0.955
0.275 0.96
0.235 0.965
0.215 0.97
0.21 0.96
0.21 0.96
0.265 0.955
0.245 0.95
0.235 0.985
0.22 0.995
0.215 0.995
0.25 0.995
0.25 0.995
0.235 0.995
0.235 0.985
0.23 0.985
0.215 0.995
0.21 0.96
0.195 0.965
0.225 0.95
0.21 0.98
0.21 0.97
0.275 0.97
0.195 0.975
0.28 0.975
0.275 0.96
0.015 0.01
0.14 0.86
0.005 0.97
0.16 0.875
0.085 0.96
0.325 0.9
0.12 0.02
0.02 0.955
0.075 0.065
0.32 0.94
0.22 0.87
0.09 0.98
0.29 0.9
0.3 0.905
0.095 0.995
0.205 0.865
0.025 0.01
0.01 0.01
0.015 0.95
0.015 0.93
0.355 0.975
0.045 0.96
0.12 0.86
0.22 0.84
0.01 0.095
0.115 0.065
0.355 0.95
0.255 0.235
0.32 0.645
0.845 0.695
0.66 0.955
0.46 0.52
0.405 0.94
0.76 0.6
0.015 0.545
0.935 0.465
0.17 0.43
0.03 0.51
0.13 0.335
0.085 0.36
0.08 0.445
0.075 0.815
0.775 0.985
0.305 0.845
0.07 0.4
0.14 0.82
0 0.445
0.015 0.125
0.01 0.055
0.11 0.875
0.03 0.055
0.23 0.855
0.285 0.87
0.33 0.89
0.325 0.995
0.29 0.9
0.08 0
0.16 0.895
0.145 0.92
0.29 0.91
0.195 0.895
0.255 0.905
0.285 0.92
0.14 0.93
0.145 0.945
0.3 0.935
0.31 0.96
0.25 0.905
0.3 0.95
0.16 0.96
0.2 0.915
0.165 0.99
0.255 0.92
0.175 0.955
0.195 0.92
0.175 0.995
0.19 0.94
0.22 0.93
0.23 0.94
0.27 0.955
0.285 0.985
0.275 0.99
0.265 0.965
0.2 0.98
0.235 0.975
0.235 0.995
0.23 0.975
0.25 0.985
0.25 0.995
0.23 0.995
0.25 0.995
0.25 0.995
0.25 0.995
0.25 0.995
0.25 0.995
0.25 0.995
0.25 0.995
0.25 0.995
0.25 0.995
0.25 0.995
0.25 0.995
0.25 0.995
0.25 0.995
0.25 0.995
0.25 0.995
0.25 0.995
0.25 0.995
0.25 0.995
0.16 0.955
0.17 0.95
0.165 0.965
0.175 0.92
0.245 0.915
0.245 0.92
0.275 0.94
0.29 0.985
0.29 0.995
0.155 0.98
0.245 0.915
0.205 0.91
0.25 0.905
0.29 0.94
0.165 0.945
0.175 0.935
0.205 0.92
0.235 0.925
0.25 0.94
0.275 0.96
0.2 0.95
0.18 0.965
0.19 0.95
0.245 0.945
0.255 0.95
0.21 0.955
0.275 0.97
0.3 0.89
0.245 0.88
0.11 0.945
0.045 0.02
0 0.985
0.16 0.875
0.21 0.87
0.305 0.91
0.32 0.945
0.325 0.875
0.065 0.935
0.145 0.86
0.03 0.92
0.085 0.865
0.115 0.035
0.09 0.89
0.15 0.005
0.145 0.86
0.095 0.98
0.205 0.875
0.29 0.895
0.085 0.925
0.14 0
0.12 0.905
0.22 0.87
0.02 0
0.185 0.875
0.245 0.95
0.27 0.96
0.275 0.97
0.24 0.935
0.185 0.95
0.285 0.985
0.24 0.94
0.285 0.995
0.265 0.95
0.29 0.955
0.225 0.92
0.275 0.94
0.24 0.905
0.15 0.955
0.195 0.91
0.205 0.905
0.3 0.955
0.285 0.94
0.18 0.945
0.255 0.93
0.18 0.96
0.16 0.955
0.16 0.94
0.225 0.915
0.22 0.91
0.305 0.975
0.225 0.915
0.25 0.995
0.25 0.995
0.25 0.995
0.25 0.995
0.25 0.995
0.25 0.995
0.25 0.995
0.25 0.995
0.25 0.995
0.25 0.995
0.25 0.995
0.25 0.995
0.25 0.995
0.25 0.995
0.25 0.995
0.25 0.995
0.25 0.995
0.25 0.995
0.25 0.995
0.265 0.985
0.25 0.98
0.225 0.995
0.215 0.99
0.235 0.97
0.205 0.975
0.275 0.97
0.225 0.96
0.285 0.99
0.2 0.94
0.25 0.945
0.175 0.975
0.295 0.97
0.195 0.93
0.17 0.99
0.165 0.98
0.17 0.98
0.165 0.945
0.16 0.95
0.29 0.95
0.285 0.92
0.155 0.915
0.225 0.9
0.18 0.895
0.13 0.995
0.14 0.945
0.24 0.9
0.185 0.895
0.145 0.975
0.125 0.99
0.185 0.88
0.265 0.89
0.11 0
0.32 0.93
0.11 0.965
0.06 0.945
0.005 0.03
0.125 0.02
0.045 0.08
0.085 0.865
0.34 0.875
0.35 0.84
0 0.14
0.13 0.07
0.09 0.41
0.015 0.395
0.29 0.835
0.15 0.06
0.095 0.77
0.4 0.86
0.93 0.045
0.785 0.6
0.175 0.42
0.39 0.575
0.35 0.465
0.17 0.765
0.66 0.455
0.47 0.18
0.375 0.33
0.515 0.27
0.145 0.245
0.845 0.695
0.995 0.09
0.09 0.505
0.41 0.79
0.055 0.125
0.15 0.06
0.05 0.69
0.105 0.115
0.095 0.645
0.12 0.505
0.235 0.84
0.03 0.11
0.01 0.91
0.335 0.905
0.08 0.91
0.015 0.085
0.165 0.835
0.135 0.84
0.05 0.105
0.08 0.74
0.155 0.78
0.94 0.06
0.08 0.395
0.035 0.115
0.135 0.425
0.055 0.74
0.095 0.755
0.005 0.825
0.075 0.015
0.075 0.95
0.08 0.93
0.165 0.885
0.195 0.875
0.27 0.875
0.165 0.87
0.14 0.875
0.105 0.02
0.22 0.89
0.14 0.915
0.3 0.915
0.19 0.9
0.185 0.9
0.14 0.93
0.165 0.9
0.235 0.89
0.3 0.915
0.32 0.92
0.325 0.915
0.24 0.865
0.125 0.92
0.11 0.945
0.085 0.985
0.08 0.985
0.11 0.015
0.1 0.905
0.305 0.82
0.08 0.485
0.99 0.08
0.005 0.415
0.055 0.115
0.69 0.995
0.005 0.87
0.44 0.835
0.94 0.055
0.02 0.94
0.045 0.9
0.055 0.885
0.035 0.985
0.305 0.865
0.255 0.845
0.045 0.91
0.095 0.85
0.185 0.82
0.13 0.355
0.34 0.795
0.68 0.565
0.095 0.455
0.135 0.385
0.99 0.1
0.04 0.665
0.435 0.795
0.41 0.79
0.03 0.785
0.07 0.82
0.045 0.79
0.06 0.865
0.34 0.865
0.035 0.895
0.175 0.83
0 0.94
0.125 0.05
0.135 0.02
0.06 0.93
0.125 0.03
0.015 0.01
0.23 0.87
0.08 0.94
0.08 0.01
0.1 0.005
0.18 0.865
0.125 0.885
0.19 0.86
0.12 0.015
0.125 0.915
0.12 0.94
0.175 0.875
0.155 0.895
0.22 0.885
0.18 0.88
0.095 0.005
0.18 0.88
0.32 0.935
0.3 0.925
0.15 0.92
0.135 0.93
0.14 0.975
0.145 0.97
0.175 0.9
0.145 0.97
0.275 0.915
0.3 0.945
0.275 0.925
0.215 0.915
0.165 0.945
0.26 0.925
0.25 0.93
0.225 0.92
0.26 0.92
0.23 0.92
0.185 0.92
0.22 0.93
0.26 0.94
0.225 0.93
0.285 0.97
0.235 0.945
0.185 0.96
0.19 0.9
0.26 0.905
0.25 0.9
0.265 0.92
0.195 0.92
0.2 0.91
0.265 0.925
0.225 0.92
0.165 0.965
0.285 0.96
0.29 0.985
0.18 0.95
0.275 0.96
0.205 0.955
0.25 0.945
0.205 0.955
0.275 0.97
0.195 0.96
0.245 0.94
0.265 0.945
0.275 0.95
0.205 0.96
0.2 0.985
0.28 0.975
0.21 0.96
0.23 0.96
0.28 0.985
0.235 0.975
0.25 0.995
0.235 0.995
0.255 0.97
0.23 0.99
0.245 0.995
0.25 0.995
0.25 0.995
0.25 0.995
0.21 0.995
0.25 0.975
0.225 0.99
0.205 0.985
0.25 0.965
0.23 0.975
0.235 0.98
0.255 0.985
0.25 0.995
0.25 0.995
0.25 0.995
0.25 0.995
0.25 0.995
0.25 0.995
0.25 0.995
0.25 0.995
0.25 0.995
0.25 0.995
0.275 0.97
0.27 0.97
0.22 0.965
0.19 0.98
0.235 0.95
0.215 0.96
0.23 0.96
0.21 0.975
0.21 0.985
0.26 0.94
0.205 0.945
0.235 0.945
0.22 0.925
0.25 0.93
0.26 0.94
0.185 0.96
0.195 0.945
0.22 0.945
0.23 0.96
0.205 0.995
0.21 0.985
0.19 0.99
0.21 0.95
0.2 0.97
0.21 0.96
0.21 0.96
0.205 0.985
0.25 0.995
0.25 0.995
0.25 0.995
0.25 0.995
0.25 0.995
0.25 0.995
0.25 0.995
0.25 0.995
0.25 0.995
0.24 0.98
0.24 0.995
0.25 0.995
0.21 0.97
0.205 0.985
0.255 0.97
0.23 0.97
0.225 0.97
0.245 0.975
0.25 0.995
0.25 0.995
0.25 0.995
0.22 0.995
0.26 0.97
0.245 0.985
0.245 0.975
0.225 0.98
0.255 0.985
0.27 0.965
0.235 0.95
0.27 0.96
0.21 0.96
0.28 0.975
0.21 0.95
0.225 0.94
0.19 0.94
0.27 0.945
0.195 0.97
0.195 0.955
0.255 0.95
0.19 0.995
0.285 0.995
0.285 0.995
0.29 0.99
0.175 0.96
0.185 0.94
0.17 0.965
0.255 0.915
0.225 0.915
0.26 0.92
0.28 0.93
0.16 0.985
0.21 0.9
0.175 0.9
0.24 0.9
0.185 0.975
0.18 0.98
0.2 0.94
0.18 0.99
0.18 0.945
0.25 0.93
0.29 0.955
0.295 0.955
0.165 0.965
0.28 0.945
0.26 0.92
0.175 0.945
0.255 0.915
0.29 0.94
0.235 0.91
0.295 0.94
0.145 0.935
0.28 0.915
0.25 0.9
0.265 0.895
0.14 0.98
0.185 0.89
0.305 0.925
0.15 0.905
0.305 0.91
0.095 0.965
0.045 0
0.13 0.925
0.11 0.945
0.095 0
0.175 0.88
0.295 0.89
0.095 0.99
0.16 0.865
0.005 0.975
0.065 0.965
0.21 0.87
0.265 0.87
0.185 0.865
0.05 0.015
0.055 0.025
0.07 0.945
0.105 0.88
0.11 0.055
0.05 0.075
0.255 0.845
0.105 0.395
0.065 0.885
0.135 0.045
0.045 0.455
0.04 0.875
0.09 0.79
0.13 0.09
0.045 0.79
0.055 0.935
0.33 0.885
0.315 0.87
0.07 0.98
0.32 0.91
0.025 0.02
0.035 0.015
0.14 0.87
0.005 0.975
0.225 0.88
0.14 0.9
0.1 0.97
0.135 0.975
0.14 0.96
0.275 0.895
0.135 0.95
0.14 0.945
0.125 0.96
0.14 0.895
0.035 0
0.325 0.935
0.31 0.945
0.265 0.895
0.14 0.91
0.32 0.965
0.16 0.895
0.325 0.97
0.165 0.93
0.155 0.965
0.28 0.92
0.295 0.985
0.175 0.98
0.215 0.915
0.255 0.925
0.225 0.92
0.225 0.915
0.21 0.94
0.265 0.945
0.23 0.935
0.21 0.96
0.225 0.96
0.235 0.95
0.195 0.995
0.21 0.96
0.215 0.95
0.23 0.935
0.18 0.99
0.24 0.93
0.195 0.965
0.27 0.96
0.285 0.985
0.19 0.965
0.27 0.955
0.285 0.97
0.14 0.98
0.135 0.98
0.31 0.945
0.16 0.99
0.16 0.985
0.31 0.97
0.165 0.92
0.145 0.975
0.3 0.94
0.295 0.985
0.17 0.985
0.22 0.915
0.195 0.945
0.285 0.97
0.24 0.93
0.29 0.97
0.18 0.955
0.295 0.99
0.255 0.91
0.29 0.935
0.215 0.9
0.17 0.98
0.195 0.92
0.265 0.915
0.16 0.96
0.3 0.955
0.24 0.905
0.25 0.97
0.225 0.975
0.21 0.985
0.25 0.995
0.25 0.995
0.25 0.985
0.25 0.995
0.25 0.995
0.24 0.985
0.25 0.995
0.25 0.995
0.25 0.995
0.25 0.995
0.25 0.995
0.25 0.995
0.25 0.995
0.25 0.995
0.25 0.995
0.25 0.995
0.25 0.995
0.25 0.995
0.25 0.995
0.25 0.995
0.25 0.995
0.25 0.995
0.25 0.995
0.25 0.995
0.25 0.995
0.25 0.995
0.25 0.995
0.25 0.995
0.25 0.995
0.25 0.995
0.25 0.995
0.25 0.995
0.25 0.995
0.25 0.995
0.25 0.995
0.25 0.995
0.25 0.995
0.25 0.995
0.25 0.995
0.25 0.995
0.25 0.995
0.25 0.995
0.25 0.995
0.25 0.995
0.25 0.995
0.25 0.995
0.25 0.995
0.25 0.995
0.25 0.995
0.25 0.995
0.25 0.995
0.25 0.995
0.25 0.995
0.25 0.995
0.25 0.995
0.25 0.995
0.25 0.995
0.25 0.995
0.25 0.995
0.25 0.995
0.25 0.995
0.25 0.995
0.25 0.995
0.25 0.995
0.25 0.995
0.25 0.995
0.25 0.995
0.25 0.995
0.25 0.995
0.25 0.995
0.235 0.985
0.26 0.99
0.25 0.995
0.25 0.995
0.24 0.985
0.23 0.975
0.27 0.98
0.215 0.975
0.265 0.915
0.18 0.91
0.24 0.905
0.17 0.965
0.245 0.92
0.28 0.93
0.25 0.91
0.21 0.9
0.31 0.98
0.185 0.945
0.295 0.975
0.245 0.925
0.24 0.94
0.22 0.935
0.245 0.93
0.175 0.955
0.17 0.98
0.2 0.915
0.245 0.905
0.21 0.895
0.145 0.94
0.165 0.935
0.155 0.955
0.305 0.955
0.275 0.905
0.13 0.985
0.22 0.89
0.27 0.955
0.245 0.94
0.24 0.94
0.2 0.96
0.28 0.97
0.2 0.945
0.21 0.935
0.245 0.93
0.265 0.935
0.275 0.97
0.19 0.995
0.22 0.95
0.215 0.96
0.27 0.96
0.21 0.95
0.195 0.95
0.21 0.935
0.195 0.94
0.28 0.945
0.185 0.92
0.22 0.915
0.23 0.925
0.17 0.99
0.275 0.93
0.175 0.92
0.155 0.94
0.15 0.97
0.295 0.915
0.1 0
0.21 0.88
0.135 0.94
0.32 0.965
0.12 0.94
0.115 0.93
0.315 0.905
0.12 0.905
0.14 0.995
0.15 0.905
0.275 0.895
0.315 0.98
0.13 0.985
0.125 0.99
0.31 0.925
0.105 0.005
0.33 0.97
0.095 0.02
0.005 0.97
0.14 0.005
0.05 0.015
0.13 0.01
0.015 0.98
0.045 0.035
0.105 0.04
0.315 0.87
0.48 0.995
0.48 0.995
0.48 0.995
0.46 0.985
0.52 0.98
0.485 0.985
0.6 0.8
0.245 0.13
0.815 0.815
0.625 0.82
0.32 0.05
0.585 0.81
0.69 0.215
0.99 0.92
0.965 0.895
0.625 0.61
0.495 0.45
0.68 0.375
0.675 0.155
0.675 0.62
0.225 0.045
0.66 0.455
0.7 0.605
0.355 0.235
0.405 0.89
0.11 0.11
0.95 0.02
0.615 0.2
0.43 0.325
0.15 0.145
0.385 0.205
0.97 0.435
0.82 0.09
0.375 0.615
0.015 0.525
0.905 0.03
0.27 0.8
0.71 0.965
0.945 0.6
0.055 0.665
0 0.7
0.06 0.71
0.1 0.365
0.065 0.86
0.16 0.815
0.715 0.995
0.045 0.1
0.025 0.445
0.025 0.93
0.09 0.06
0.005 0.04
0.27 0.86
0.03 0.015
0.015 0.985
0.105 0.84
0.765 0.99
0 0.43
0.1 0.875
0.335 0.905
0.34 0.905
0.065 0.95
0.27 0.87
0.015 0.015
0.06 0.955
0.045 0.015
0.34 0.985
0.085 0.965
0.12 0
0.09 0.99
0.105 0
0.3 0.92
0.325 0.97
0.145 0.9
0.145 0.91
0.115 0.99
0.215 0.89
0.145 0.995
0.315 0.965
0.155 0.93
0.155 0.955
0.295 0.94
0.335 0.82
0.155 0.045
0.1 0.355
0.125 0.41
0.09 0.39
0.355 0.85
0.345 0.885
0.035 0.035
0.095 0.875
0.225 0.835
0.05 0.905
0.095 0.85
0.33 0.86
0.03 0.08
0.035 0.08
0.09 0.035
0.09 0.92
0.275 0.865
0.075 0.965
0.095 0.96
0.085 0.96
0.095 0.945
0.1 0.005
0.1 0.005
0.12 0.99
0.145 0.92
0.125 0.985
0.04 0.055
0.205 0.845
0.07 0.08
0.08 0.055
0.345 0.95
0.035 0.985
0.06 0.02
0.33 0.95
0.075 0.015
0.025 0.975
0.045 0.985
0.34 0.93
0.045 0.955
0.015 0.98
0.275 0.865
0.26 0.87
0.33 0.99
0.04 0.005
0.27 0.885
0.125 0.985
0.12 0.985
0.265 0.885
0.125 0.95
0.29 0.91
0.295 0.93
0.19 0.9
0.275 0.91
0.15 0.985
0.175 0.92
0.305 0.995
0.175 0.915
0.3 0.965
0.205 0.91
0.17 0.965
0.19 0.935
0.2 0.925
0.16 0.945
0.165 0.97
0.3 0.995
0.16 0.955
0.18 0.925
0.245 0.92
0.18 0.945
0.19 0.94
0.26 0.935
0.27 0.95
0.255 0.95
0.19 0.965
0.285 0.985
0.2 0.955
0.205 0.955
0.275 0.975
0.225 0.965
0.21 0.97
0.245 0.925
0.24 0.93
0.295 0.975
0.265 0.94
0.285 0.995
0.26 0.94
0.27 0.955
0.28 0.985
0.19 0.97
0.195 0.955
0.265 0.955
0.27 0.955
0.26 0.955
0.275 0.99
0.2 0.975
0.21 0.985
0.22 0.995
0.21 0.995
0.21 0.995
0.22 0.995
0.22 0.975
0.24 0.985
0.25 0.995
0.245 0.995
0.25 0.995
0.25 0.995
0.25 0.995
0.215 0.965
0.215 0.98
0.225 0.965
0.215 0.975
0.22 0.995
0.22 0.995
0.25 0.995
0.25 0.995
0.25 0.995
0.22 0.985
0.24 0.985
0.25 0.975
0.225 0.985
0.235 0.995
0.25 0.995
0.25 0.995
0.25 0.995
0.25 0.995
0.25 0.995
0.25 0.995
0.25 0.995
0.25 0.995
0.25 0.995
0.25 0.995
0.25 0.995
0.25 0.995
0.25 0.995
0.25 0.995
0.25 0.995
0.25 0.995
0.25 0.995
0.25 0.995
0.25 0.995
0.25 0.995
0.25 0.995
0.25 0.995
0.25 0.995
0.25 0.995
0.25 0.995
0.25 0.995
0.25 0.995
0.25 0.995
0.25 0.995
0.25 0.995
0.25 0.995
0.25 0.995
0.25 0.995
0.25 0.995
0.25 0.995
0.25 0.995
0.25 0.995
0.25 0.995
0.25 0.995
0.25 0.995
0.1 0.035
0.095 0.905
0.005 0.97
0.26 0.855
0.01 0.97
0.055 0.025
0.11 0.905
0.295 0.89
0.075 0.01
0.035 0.96
0.27 0.86
0.14 0.855
0.315 0.86
0.05 0.05
0.065 0.035
0.06 0.97
0.025 0.01
0.155 0.87
0.13 0.91
0.14 0.915
0.225 0.885
0.075 0.005
0.32 0.945
0.305 0.925
0.315 0.955
0.14 0.975
0.175 0.9
0.005 0.09
0.29 0.855
0.12 0.855
0.135 0.83
0.125 0.05
0.03 0.055
0.13 0.855
0.03 0.02
0.14 0.005
0.8 0.99
0.21 0.83
0.16 0.825
0.335 0.82
0.7 0.995
0.36 0.87
0.35 0.87
0.125 0.045
0.02 0.94
0.165 0.855
0.095 0.93
0.335 0.985
0.165 0.845
0.035 0.99
0.105 0.905
0.145 0.875
0.205 0.865
0.05 0.005
0.31 0.995
0.18 0.91
0.295 0.945
0.17 0.9
0.14 0.96
0.21 0.9
0.175 0.915
0.165 0.945
0.21 0.91
0.125 0.99
0.26 0.895
0.245 0.895
0.11 0.96
0.32 0.95
0.3 0.925
0.13 0.975
0.24 0.895
0.205 0.895
0.16 0.975
0.255 0.92
0.245 0.92
0.2 0.9
0.16 0.93
0.2 0.91
0.19 0.915
0.195 0.92
0.175 0.945
0.1 0.48
0.015 0.715
0.035 0.835
0.25 0.8
0.135 0.335
0.05 0.705
0.18 0.8
0.02 0.755
0.04 0.385
0.215 0.01
0.285 0.58
0.445 0.515
0.32 0.195
0.765 0.055
0.825 0.06
0.61 0.1
0.375 0.735
0.99 0.4
0.05 0.47
0.07 0.385
0.35 0.835
0.95 0.045
0.42 0.86
0.19 0.81
0.085 0.455
0.745 0.98
0.005 0.415
0.955 0.855
0.515 0.79
0.815 0.22
0.615 0.865
0.595 0.725
0.7 0.29
0.665 0.265
0.575 0.605
0.6 0.395
0.495 0.975
0.51 0.95
0.89 0.805
0.48 0.995
0.48 0.995
0.485 0.99
0.515 0.995
0.525 0.94
0.535 0.975
0.925 0.9
0.63 0.945
0.57 0.26
0.565 0.905
0.53 0.82
0.43 0.06
0.67 0.88
0.495 0.05
0.545 0.615
0.005 0.735
0.1 0.38
0.36 0.92
0.435 0.795
0.99 0.1
0.08 0.365
0.725 0.98
0.14 0.06
0.12 0.42
0.855 0.56
0.14 0.7
0.32 0.59
0.635 0.165
0.245 0.385
0.41 0.24
0.48 0.775
0.03 0.205
0.99 0.34
0.035 0.825
0.13 0.385
0.025 0.125
0.985 0.16
0.73 0.96
0.79 0.965
0.04 0.665
0.14 0.39
0.055 0.735
0.245 0.915
0.265 0.925
0.175 0.945
0.3 0.95
0.245 0.905
0.3 0.965
0.17 0.93
0.165 0.975
0.245 0.92
0.315 0.995
0.175 0.9
0.305 0.95
0.3 0.905
0.32 0.945
0.275 0.895
0.165 0.895
0.32 0.965
0.135 0.98
0.155 0.955
0.19 0.91
0.205 0.91
0.135 0.975
0.17 0.9
0.18 0.905
0.185 0.9
0.295 0.94
0.155 0.945
0.08 0.975
0.3 0.89
0.095 0.99
0.085 0.04
0.285 0.86
0.075 0.945
0.07 0.025
0.145 0.87
0.245 0.87
0.005 0.925
0.04 0.92
0.025 0.94
0.02 0.865
0 0.135
0.1 0.44
0.07 0.445
0.15 0.03
0.01 0.43
0.075 0.045
0.065 0.035
0.12 0.88
0.085 0.855
0.18 0.83
0 0.045
0.01 0.095
0.02 0.075
0.04 0.07
0.185 0.89
0.195 0.89
0.295 0.93
0.25 0.88
0.12 0
0.29 0.9
0.125 0.92
0.315 0.935
0.12 0.96
0.255 0.865
0.315 0.89
0.08 0.015
0.345 0.905
0 0.95
0.195 0.845
0.025 0.955
0.115 0.03
0.34 0.93
0.095 0.93
0.07 0.015
0.29 0.885
0.065 0.045
0.14 0.855
0.08 0.03
0.045 0.035
0.34 0.93
0.09 0.905
0.25 0.995
0.25 0.995
0.25 0.995
0.25 0.995
0.25 0.995
0.25 0.995
0.25 0.995
0.25 0.995
0.25 0.995
0.25 0.995
0.25 0.995
0.25 0.995
0.25 0.995
0.25 0.995
0.25 0.995
0.25 0.995
0.25 0.995
0.25 0.995
0.25 0.995
0.25 0.995
0.25 0.995
0.25 0.995
0.25 0.995
0.25 0.995
0.25 0.995
0.25 0.995
0.25 0.995
0.25 0.995
0.25 0.995
0.25 0.995
0.25 0.995
0.25 0.995
0.25 0.995
0.25 0.995
0.25 0.995
0.25 0.995
0.25 0.995
0.25 0.995
0.25 0.995
0.245 0.975
0.25 0.97
0.235 0.995
0.22 0.995
0.22 0.975
0.235 0.98
0.25 0.995
0.25 0.985
0.25 0.995
0.22 0.975
0.205 0.995
0.225 0.975
0.265 0.965
0.2 0.975
0.23 0.965
0.25 0.995
0.25 0.995
0.25 0.995
0.24 0.995
0.26 0.975
0.24 0.985
0.22 0.98
0.23 0.965
0.23 0.97
0.27 0.985
0.225 0.965
0.215 0.985
0.275 0.97
0.28 0.975
0.275 0.97
0.19 0.97
0.185 0.975
0.19 0.98
0.2 0.955
0.285 0.98
0.19 0.99
0.26 0.94
0.29 0.97
0.265 0.94
0.23 0.925
0.24 0.92
0.175 0.955
0.26 0.96
0.2 0.99
0.225 0.965
0.21 0.945
0.215 0.94
0.25 0.95
0.285 0.98
0.185 0.975
0.275 0.96
0.25 0.93
0.175 0.965
0.19 0.94
0.16 0.97
0.295 0.95
0.225 0.915
0.16 0.955
0.155 0.955
0.165 0.99
0.175 0.95
0.17 0.98
0.18 0.945
0.305 0.97
0.245 0.905
0.28 0.93
0.15 0.97
0.18 0.905
0.22 0.905
0.3 0.94
0.17 0.905
0.31 0.985
0.115 0.975
0.3 0.905
0.255 0.89
0.115 0.99
0.325 0.965
0.12 0.98
0.08 0.985
0.085 0.955
0.33 0.955
0.345 0.945
0.175 0.845
0.135 0.01
0.13 0.855
0.1 0.04
0.325 0.885
0.14 0.875
0.035 0.015
0.02 0.005
0.24 0.85
0.34 0.895
0.245 0.855
0.015 0.05
0.17 0.835
0.015 0.95
0.185 0.885
0.235 0.885
0.125 0.98
0.09 0.99
0.32 0.91
0.185 0.87
0.08 0.97
0.115 0.015
0.085 0.965
0.07 0.93
0.34 0.93
0.165 0.855
0.145 0.025
0.035 0.92
0.255 0.845
0.345 0.845
0.01 0.415
0.355 0.915
0.02 0.94
0.21 0.835
0.005 0.07
0.37 0.88
0.02 0.755
0.07 0.845
0.09 0.79
0.015 0.365
0.12 0.365
0.25 0.905
0.255 0.9
0.2 0.9
0.145 0.925
0.315 0.95
0.13 0.975
0.315 0.94
0.32 0.94
0.19 0.88
0.115 0.985
0.105 0.975
0.245 0.885
0.06 0.01
0.005 0.005
0.085 0.98
0.055 0.985
0 0.96
0.1 0.905
0.25 0.865
0.04 0.985
0.06 0.975
0.075 0.065
0.01 0.09
0.34 0.89
0.34 0.855
0.055 0.115
0.13 0.05
0.175 0.85
0.3 0.865
0.07 0.935
0.255 0.845
0.725 0.995
0.22 0.84
0.22 0.83
0.15 0.815
0.015 0.415
0.37 0.895
0.1 0.815
0.375 0.84
0.07 0.645
0.955 0.005
0.985 0.03
0.8 0.55
0.885 0.44
0.45 0.585
0.695 0.59
0.14 0.635
0.05 0.635
0.86 0.155
0.44 0.36
0.69 0.06
0.515 0.27
0.65 0.285
0.505 0.26
0.01 0.54
0.905 0
0.145 0.77
0.27 0.53
0.395 0.39
0.92 0.65
0.51 0.665
0.625 0.63
0.495 0.22
0.5 0.79
0.29 0.205
0.41 0.15
0.3 0.16
0.235 0.135
0.825 0.765
0.545 0.965
0.525 0.97
0.545 0.94
0.56 0.92
0.53 0.99
0.57 0.94
0.47 0.995
0.48 0.995
0.48 0.995
0.48 0.995
0.48 0.995
0.48 0.995
0.48 0.995
0.48 0.995
0.075 0.045
0.05 0.96
0.25 0.995
0.25 0.995
0.34 0.93
0.075 0.045
0.145 0.81
0.01 0.735
0.17 0.98
0.245 0.93
0.05 0.73
0.145 0.81
0.735 0.56
0.015 0.7
0.305 0.99
0.26 0.92
0.215 0.975
0.26 0.99
0.21 0.96
0.2 0.975
0.23 0.905
0.24 0.9
0.205 0.995
0.27 0.96
0.25 0.975
0.225 0.98
0.29 0.955
0.16 0.94
0.165 0.795
0.735 0.56
0.405 0.315
0.745 0.345
0.015 0.91
0.08 0.09
0.715 0.71
0.405 0.315
0.045 0.1
0.115 0.045
0.315 0.96
0.15 0.98
0.15 0.965
0.3 0.975
0.25 0.995
0.25 0.995
0.25 0.995
0.25 0.995
0.25 0.995
0.25 0.995
0.3 0.965
0.17 0.925
0.15 0.99
0.225 0.895
0.125 0.035
0.045 0.1
0 0.945
0.105 0.875
0.145 0.94
0.155 0.965
0.32 0.93
0.115 0.985
0.21 0.96
0.21 0.985
0.25 0.995
0.25 0.995
0.21 0.965
0.205 0.99
0.29 0.89
0.18 0.88
0.285 0.925
0.28 0.92
0.015 0.065
0 0.945
0.27 0.08
0.16 0.225
0.1 0.775
0.045 0.12
0.08 0.94
0.285 0.885
0.34 0.985
0.09 0.945
0.27 0.89
0.22 0.89
0.28 0.965
0.28 0.975
0.195 0.96
0.23 0.96
0.25 0.995
0.25 0.995
0.25 0.995
0.25 0.995
0.15 0.92
0.175 0.9
0.305 0.925
0.115 0.975
0.195 0.95
0.2 0.94
0.34 0.99
0.195 0.845
0.04 0.695
0.335 0.6
0.335 0.935
0.085 0.045
0.19 0.965
0.23 0.935
0.17 0.895
0.175 0.88
0.31 0.97
0.14 0.925
0.25 0.995
0.25 0.995
0.25 0.995
0.25 0.995
0.2 0.99
0.28 0.995
0.225 0.955
0.2 0.945
0.14 0.945
0.165 0.89
0.1 0.94
0.005 0.98
0.325 0.945
0.335 0.99
0.14 0.055
0.17 0.795
0.805 0.285
0.27 0.08
0.27 0.08
0.355 0.035
0.59 0.4
0.575 0.53
0.47 0.955
0.27 0.08
0 0.945
0.09 0.04
0.13 0.895
0.275 0.89
0.31 0.91
0.125 0.99
0.25 0.995
0.25 0.995
0.25 0.995
0.25 0.995
0.25 0.995
0.25 0.995
0.31 0.93
0.13 0.915
0.31 0.925
0.045 0
0.03 0.97
0 0.945
0.045 0.1
0.12 0.84
0.23 0.86
0.1 0.935
0.1 0.065
0.05 0.96
0.2 0.945
0.28 0.975
0.24 0.965
0.22 0.995
0.28 0.965
0.215 0.95
0.17 0.84
0.12 0.025
0.07 0.98
0.08 0.975
0.005 0.445
0.045 0.1
0.405 0.315
0.645 0.065
0.05 0.695
0.055 0.845
0.035 0.11
0.035 0.945
0.16 0.895
0.135 0.98
0.275 0.91
0.275 0.92
0.29 0.965
0.21 0.935
0.205 0.97
0.22 0.995
0.25 0.995
0.25 0.995
0.25 0.995
0.25 0.995
0.195 0.925
0.175 0.96
0.17 0.98
0.235 0.92
0.195 0.97
0.265 0.955
0.275 0.89
0.32 0.94
0.21 0.86
0.03 0.995
0.18 0.885
0.105 0.965
0.205 0.965
0.19 0.97
0.175 0.975
0.175 0.93
0.255 0.935
0.17 0.99
0.25 0.995
0.25 0.995
0.25 0.995
0.25 0.995
0.26 0.97
0.215 0.97
0.285 0.97
0.205 0.925
0.265 0.915
0.145 0.975
0.175 0.9
0.22 0.885
0.075 0.08
0.125 0.835
0.02 0.39
0.015 0.69
0.46 0.735
0.405 0.315
0.735 0.56
0.13 0.745
0.095 0.45
0.01 0.115
0.44 0.615
0.045 0.505
0.34 0.935
0.21 0.86
0.11 0
0.14 0.915
0.035 0.995
0.08 0.94
0.68 0.54
0.055 0.66
0.365 0.955
0.045 0.425
0.355 0.515
0.735 0.56
0.145 0.81
0.36 0.88
0.29 0.86
0.07 0.98
0.145 0.87
0.165 0.88
0.11 0.99
0.185 0.89
0.15 0.97
0.265 0.92
0.17 0.995
0.26 0.935
0.17 0.91
0.185 0.915
0.29 0.97
0.25 0.945
0.225 0.935
0.2 0.955
0.25 0.995
0.25 0.995
0.25 0.995
0.255 0.985
0.25 0.995
0.25 0.995
0.23 0.97
0.205 0.995
0.195 0.965
0.25 0.945
0.25 0.97
0.22 0.965
0.25 0.995
0.25 0.995
0.25 0.995
0.235 0.98
0.25 0.995
0.25 0.995
0.24 0.945
0.285 0.975
0.27 0.95
0.19 0.945
0.18 0.915
0.155 0.94
0.27 0.94
0.185 0.93
0.24 0.915
0.265 0.91
0.13 0.95
0.115 0.985
0.15 0.885
0.135 0.885
0.08 0.94
0.345 0.965
0.35 0.845
0.145 0.81
0.075 0.045
0.025 0.985
0.3 0.895
0.31 0.935
0.085 0.975
0.11 0.98
0.26 0.905
0.245 0.915
0.24 0.935
0.27 0.955
0.175 0.985
0.2 0.94
0.2 0.885
0.14 0.965
0.3 0.995
0.245 0.925
0.2 0.895
0.155 0.945
0.235 0.965
0.23 0.99
0.25 0.995
0.25 0.995
0.25 0.995
0.25 0.995
0.25 0.995
0.25 0.995
0.25 0.995
0.25 0.995
0.25 0.995
0.25 0.995
0.25 0.995
0.25 0.995
0.25 0.995
0.25 0.995
0.265 0.975
0.255 0.97
0.24 0.9
0.24 0.905
0.165 0.97
0.17 0.98
0.145 0.92
0.15 0.92
0.26 0.935
0.18 0.98
0.285 0.995
0.185 0.975
0.24 0.91
0.305 0.98
0.12 0
0.115 0.925
0.095 0
0.295 0.9
0.2 0.845
0.075 0.045
0.48 0.995
0.48 0.97
0.61 0.71
0.785 0.285
0.935 0.205
0.19 0.515
0.44 0.295
0.98 0.56
0.755 0.95
0.07 0.755
0.045 0.095
0.01 0.955
0.01 0.095
0.015 0.97
0.13 0.885
0.115 0.925
0.15 0.905
0.14 0.96
0.135 0.82
0.005 0.115
0.115 0.855
0.01 0.96
0.105 0.945
0.325 0.97
0.055 0.95
0.11 0.02
0.055 0.02
0.01 0.005
0.155 0.91
0.225 0.895
0.205 0.91
0.18 0.93
0.285 0.95
0.27 0.935
0.215 0.955
0.27 0.965
0.19 0.935
0.19 0.955
0.21 0.955
0.205 0.975
0.225 0.985
0.25 0.995
0.225 0.975
0.255 0.98
0.25 0.995
0.25 0.995
0.25 0.995
0.25 0.995
0.25 0.995
0.25 0.995
0.25 0.995
0.25 0.995
0.25 0.995
0.25 0.995
0.09 0.02
0.125 0.89
0.065 0.97
0.325 0.905
0.175 0.895
0.135 0.94
0.29 0.865
0.015 0.97
0.195 0.835
0.02 0.93
0.115 0.92
0.115 0.91
0.3 0.965
0.175 0.92
0.175 0.905
0.31 0.955
0.23 0.925
0.17 0.955
0.36 0.83
0.375 0.905
0.375 0.59
0.71 0.61
0.1 0.085
0.095 0.835
0.265 0.335
0.775 0.19
0.28 0.09
0.51 0.95
0.905 0.215
0.17 0.24
0.07 0.095
0.36 0.835
0.165 0.385
0.925 0.58
0.05 0.445
0.05 0.8
0.29 0.965
0.19 0.92
0.215 0.9
0.135 0.98
0.165 0.97
0.175 0.915
0.115 0
0.07 0.015
0.01 0.95
0.04 0.905
0.33 0.92
0.11 0.04
0.31 0.96
0.19 0.885
0.325 0.93
0.09 0.905
0.095 0.01
0.34 0.985
0.25 0.995
0.25 0.995
0.25 0.995
0.25 0.995
0.25 0.995
0.25 0.995
0.25 0.995
0.25 0.995
0.25 0.995
0.24 0.995
0.25 0.995
0.215 0.99
0.25 0.995
0.25 0.975
0.225 0.965
0.195 0.98
0.2 0.945
0.205 0.93
0.205 0.985
0.28 0.975
0.21 0.93
0.19 0.92
0.295 0.975
0.16 0.96
0.28 0.915
0.135 0.93
0.13 0.895
0.065 0.945
0.085 0.945
0.01 0.025
0.22 0.885
0.275 0.88
0.2 0.85
0.025 0.085
0.06 0.09
0.37 0.855
0.165 0.91
0.32 0.97
0.105 0.99
0.08 0.975
0.035 0.985
0.325 0.86
0.045 0.955
0.02 0.93
0.395 0.82
0.4 0.785
0.295 0.505
0.265 0.305
0.83 0.5
0.86 0.155
0.81 0.235
0.645 0.76
0.495 0.955
0.48 0.995
0.44 0.98
0.445 0.985
0.355 0.025
0.09 0.05
0.09 0.035
0.105 0.01
0.25 0.995
0.25 0.995
0.25 0.995
0.335 0.98
0.11 0.015
0.07 0.02
0.155 0.03
0.105 0.09
0.075 0.9
0.26 0.935
0.235 0.94
0.265 0.955
0.065 0.4
0.115 0.84
0.115 0.045
0.4 0.44
0.995 0.365
0.03 0.78
0.15 0.925
0.235 0.905
0.165 0.995
0.23 0.965
0.24 0.98
0.25 0.995
0.185 0.98
0.26 0.945
0.235 0.94
0.29 0.92
0.3 0.925
0.315 0.93
0.205 0.975
0.195 0.965
0.24 0.935
0.25 0.995
0.25 0.995
0.25 0.995
0.265 0.935
0.215 0.915
0.295 0.945
0.045 0.445
0.115 0.36
0.095 0.725
0.4 0.44
0.6 0.495
0.125 0.34
0.12 0.85
0.05 0.035
0.14 0.875
0.83 0.385
0.26 0.54
0.095 0.7
0.155 0.03
0.17 0
0.11 0.885
0.125 0.995
0.265 0.9
0.165 0.935
0.21 0.9
0.165 0.955
0.285 0.96
0.25 0.995
0.25 0.995
0.25 0.995
0.25 0.995
0.235 0.98
0.21 0.975
0.25 0.995
0.25 0.995
0.25 0.995
0.18 0.95
0.275 0.94
0.25 0.925
0.165 0.98
0.25 0.91
0.31 0.98
0.055 0.025
0.02 0.97
0.02 0.04
0.09 0.05
0.02 0.97
0.045 0.01
0.225 0.9
0.16 0.965
0.255 0.93
0.095 0
0.14 0.925
0.15 0.95
0.205 0.975
0.23 0.975
0.25 0.995
0.25 0.995
0.25 0.995
0.25 0.995
0.265 0.98
0.23 0.995
0.25 0.995
0.125 0.96
0.135 0.95
0.165 0.915
0.165 0.97
0.17 0.95
0.215 0.92
0.33 0.915
0.06 0.97
0.315 0.89
0.44 0.98
0.64 0.84
0.81 0.28
0.2 0.375
0.07 0.49
0.395 0.845
0.24 0.855
0.14 0.875
0.165 0.88
0.1 0.065
0.34 0.93
0.025 0.015
0.16 0.875
0.305 0.905
0.175 0.88
0.18 0.95
0.275 0.95
0.24 0.94
0.24 0.94
0.275 0.965
0.22 0.965
0.25 0.995
0.25 0.995
0.25 0.995
0.25 0.995
0.25 0.995
0.25 0.995
0.3 0.905
0.145 0.9
0.11 0.965
0.33 0.95
0.325 0.93
0.08 0.94
0.29 0.965
0.28 0.945
0.185 0.92
0.165 0
0.025 0.1
0.045 0.12
0.91 0.55
0.32 0.355
0.975 0.73
0.085 0.895
0.16 0.01
0.32 0.825
0.26 0.94
0.175 0.965
0.285 0.94
0.32 0.955
0.1 0.96
0.005 0.98
0.17 0.91
0.135 0.93
0.325 0.945
0.25 0.995
0.25 0.995
0.25 0.995
0.25 0.995
0.25 0.995
0.25 0.995
0.22 0.99
0.21 0.97
0.195 0.99
0.2 0.99
0.27 0.955
0.205 0.93
0.255 0.9
0.125 0.99
0.09 0.01
0.325 0.99
0.325 0.925
0.135 0.855
0.155 0.9
0.105 0.99
0.015 0.005
0.115 0.055
0.025 0.895
0.265 0.815
0.96 0.22
0.51 0.335
0.9 0.85
0.48 0.085
0.645 0.675
0.44 0.315
0.45 0.74
0.425 0.85
0.245 0.21
0.035 0.93
0.02 0.955
0.295 0.88
0.27 0.885
0.165 0.905
0.12 0.97
0.25 0.995
0.25 0.995
0.25 0.995
0.25 0.995
0.25 0.995
0.25 0.995
0.145 0.94
0.23 0.895
0.17 0.9
0.27 0.895
0.19 0.885
0.075 0.94
0.035 0.93
0.005 0.045
0.015 0.995
0.32 0.935
0.17 0.895
0.07 0.02
0.235 0.95
0.2 0.99
0.255 0.97
0.25 0.995
0.25 0.995
0.215 0.965
0.325 0.91
0.24 0.87
0.12 0
0.325 0.965
0.14 0.915
0.1 0.885
0.48 0.085
0.035 0.26
0.74 0.52
0.335 0.81
0.38 0.84
0.115 0.84
0.095 0.98
0.145 0.9
0.125 0.97
0.23 0.895
0.17 0.91
0.175 0.945
0.235 0.955
0.215 0.975
0.24 0.995
0.25 0.995
0.25 0.995
0.25 0.995
0.295 0.95
0.165 0.935
0.255 0.91
0.155 0.945
0.22 0.9
0.21 0.935
0.13 0.895
0 0
0.11 0.885
0.08 0.885
0.14 0.05
0.08 0.015
0.195 0.97
0.195 0.95
0.26 0.93
0.16 0.975
0.21 0.895
0.17 0.95
0.25 0.995
0.25 0.995
0.25 0.995
0.25 0.995
0.25 0.995
0.26 0.99
0.19 0.99
0.275 0.95
0.175 0.94
0.165 0.925
0.205 0.89
0.26 0.895
0.09 0.92
0.045 0.95
0.11 0.065
0.01 0.4
0.125 0.45
0.395 0.945
0.31 0.815
0.71 0.98
0.185 0.82
0.345 0.92
0.01 0.99
0.34 0.825
0.32 0.93
0.22 0.885
0.295 0.93
0.3 0.955
0.1 0.975
0.8 0.985
0.085 0.09
0.05 0.045
0.06 0.475
0.31 0.815
0.405 0.83
0.045 0.915
0.255 0.86
0.1 0.935
0.33 0.95
0.285 0.895
0.16 0.91
0.165 0.925
0.2 0.915
0.295 0.985
0.16 0.94
0.25 0.925
0.28 0.96
0.27 0.955
0.255 0.97
0.22 0.995
0.235 0.97
0.27 0.975
0.23 0.96
0.25 0.995
0.2 0.96
0.285 0.98
0.26 0.935
0.235 0.92
0.22 0.955
0.25 0.995
0.25 0.995
0.235 0.97
0.24 0.995
0.275 0.995
0.2 0.97
0.205 0.96
0.195 0.965
0.215 0.945
0.28 0.94
0.26 0.94
0.245 0.93
0.245 0.92
0.295 0.95
0.14 0.99
0.245 0.885
0.325 0.95
0.205 0.865
0.17 0
0.115 0.03
0.05 0.96
0.09 0.99
0.125 0.99
0.15 0.995
0.165 0.89
0.235 0.915
0.195 0.935
0.21 0.95
0.225 0.965
0.19 0.96
0.16 0.925
0.225 0.915
0.21 0.93
0.165 0.955
0.26 0.99
0.25 0.995
0.25 0.995
0.25 0.995
0.25 0.995
0.25 0.995
0.25 0.995
0.25 0.995
0.25 0.995
0.25 0.995
0.25 0.995
0.25 0.995
0.25 0.995
0.25 0.995
0.165 0.965
0.285 0.955
0.23 0.935
0.255 0.945
0.28 0.925
0.22 0.95
0.195 0.99
0.21 0.96
0.175 0.955
0.28 0.9
0.275 0.9
0.14 0.99
0.305 0.885
0.48 0.995
0.48 0.995
0.48 0.995
0.48 0.995
0.47 0.995
0.5 0.965
0.5 0.96
0.545 0.965
0.32 0.06
0.685 0.835
0.3 0.16
0.94 0.755
0.33 0.155
0.785 0.34
0.515 0.27
0.32 0.645
0.51 0.2
0.86 0.155
0.695 0.45
0.475 0.495
0.8 0.55
0.175 0.075
0.75 0.575
0.07 0.645
0.02 0.825
0.065 0.72
0.085 0.095
0.045 0.915
0.01 0.025
0.07 0.02
0.29 0.905
0.09 0.79
0.07 0.82
0.045 0.465
0.37 0.88
0.085 0.44
0.08 0.435
0.345 0.845
0.35 0.875
0.08 0.865
0.145 0.025
0.155 0.835
0 0.05
0.24 0.87
0.015 0.05
0.09 0.07
0.005 0.035
0.24 0.85
0 0.95
0.085 0.045
0.13 0.855
0.015 0.96
0.285 0.86
0.345 0.945
0.2 0.845
0.18 0.845
0.095 0
0.155 0.94
0.155 0.965
0.19 0.91
0.195 0.95
0.24 0.93
0.235 0.94
0.24 0.95
0.27 0.965
0.225 0.985
0.205 0.995
0.23 0.97
0.23 0.975
0.25 0.995
0.25 0.995
0.25 0.995
0.25 0.995
0.25 0.995
0.045 0.035
0.33 0.885
0.135 0.015
0.065 0.045
0.08 0.05
0.265 0.855
0.025 0.955
0.07 0.08
0.335 0.885
0.345 0.905
0 0.05
0.285 0.85
0.105 0.99
0.01 0.095
0.12 0.84
0.115 0.845
0.085 0.855
0.22 0.83
0.195 0.825
0.07 0.445
0.33 0.825
0.115 0.375
0.02 0.865
0.105 0.47
0.06 0.475
0.05 0.96
0.14 0.98
0.14 0.925
0.125 0.93
0.28 0.925
0.04 0.665
0.09 0.505
0.375 0.79
0.985 0.16
0.985 0.44
0.945 0.585
0.48 0.775
0.64 0.425
0.8 0.05
0.635 0.165
0.5 0.335
0.275 0.22
0.065 0.72
0.67 0.88
0.745 0.255
0.24 0.17
0.565 0.905
0.865 0.805
0.845 0.825
0.515 0.995
0.48 0.995
0.48 0.995
0.48 0.995
0.48 0.995
0.48 0.995
0.48 0.995
0.515 0.995
0.865 0.805
0.655 0.735
0.565 0.905
0.745 0.255
0.67 0.88
0.5 0.335
0.075 0.73
0.425 0.745
0.81 0.03
0.635 0.165
0.64 0.425
0.48 0.775
0.985 0.44
0.72 0.57
0.985 0.16
0.09 0.505
0.04 0.665
0.105 0.47
0.25 0.91
0.155 0.92
0.12 0.97
0.05 0.005
0.145 0.97
0.34 0.985
0.115 0.045
0.365 0.925
0.02 0.865
0.33 0.825
0.07 0.445
0.22 0.83
0.095 0.08
0.085 0.855
0.12 0.84
0.01 0.095
0 0.05
0.275 0.89
0.23 0.87
0.19 0.845
0.345 0.905
0.07 0.08
0.025 0.955
0.08 0.05
0.08 0.925
0.065 0.045
0.33 0.885
0.045 0.035
0.2 0.845
0.25 0.995
0.25 0.995
0.25 0.995
0.25 0.995
0.25 0.995
0.25 0.995
0.25 0.995
0.25 0.995
0.21 0.99
0.235 0.98
0.25 0.995
0.265 0.985
0.205 0.975
0.285 0.985
0.27 0.96
0.21 0.935
0.17 0.99
0.24 0.905
0.265 0.92
0.14 0.925
0.04 0
0.34 0.985
0.345 0.945
0.015 0.96
0.13 0.855
0 0.95
0.255 0.86
0.24 0.85
0.09 0.07
0.015 0.05
0.155 0.835
0.065 0
0.14 0.875
0.05 0.06
0.145 0.025
0.35 0.875
0.345 0.845
0.085 0.44
0.355 0.885
0.37 0.88
0.07 0.82
0.09 0.79
0.02 0.825
0.25 0.9
0.125 0.96
0.305 0.905
0.07 0.98
0.06 0.94
0.34 0.91
0.34 0.845
0.06 0.475
0.07 0.645
0.175 0.075
0.8 0.55
0.695 0.45
0.915 0.625
0.86 0.155
0.32 0.645
0.515 0.27
0.94 0.755
0.785 0.585
0.805 0.35
0.63 0.255
0.3 0.16
0.32 0.06
0.545 0.965
0.5 0.965
0.505 0.955
0.47 0.995
0.48 0.995
0.48 0.995
0.48 0.995
0.48 0.995
