0.52 0.9
0.52 0.9
0.58 0.47
0.72 0.95
0.445 0.91
0.17 0.12
0.16 0.86
0.405 0.71
0.16 0.07
0.345 0.98
0.38 0.635
0.29 0.895
0.425 0.69
0.34 0.92
0.095 0.74
0.68 0.545
0.725 0.98
0.35 0.905
0.825 0.96
0.68 0.985
0.26 0.995
0.115 0.735
0.165 0.845
0.435 0.745
0.435 0.745
0.125 0.955
0.325 0.995
0.045 0.95
0.675 0.55
0.675 0.55
0.155 0.88
0.285 0.9
0.72 0.955
0.35 0.975
0.35 0.975
0.14 0.05
0.315 0.91
0.76 0.525
0.425 0.685
0.2 0.965
0.34 0.9
0.645 0.52
0.35 0.965
0.175 0.965
0.19 0.885
0.355 0.965
0.425 0.685
0.425 0.685
0.16 0.08
0.64 0.535
0.025 0.21
0.4 0.775
0.69 0.535
0.26 0.885
0.655 0.53
0.325 0.015
0.37 0.665
0.28 0.89
0.28 0.89
0.705 0.96
0.09 0.88
0.615 0.53
0.34 0.57
0.01 0.73
0.16 0.08
0.4 0.705
0.645 0.52
0.265 0.885
0.69 0.535
0.27 0.905
0.305 0.92
0.14 0.055
0.205 0.905
0.65 0.525
0.77 0.525
0.755 0.985
0.24 0.925
0.145 0.885
0.745 0.995
0.7 0.995
0.19 0.93
0.84 0.955
0.405 0.645
0.355 0.96
0.655 0.525
0.14 0.88
0.445 0.755
0.675 0.99
0.085 0.72
0.18 0.965
0.42 0.69
0.645 0.52
0.725 0.98
0.3 0.935
0.685 0.52
0.36 0.645
0.2 0.99
0.19 0.95
0.1 0.715
0.295 0.925
0.735 0.98
0.23 0.99
0.32 0.92
0.715 0.98
0.67 0.525
0.025 0.145
0.7 0.995
0.2 0.98
0.355 0.645
0.23 0.99
0.26 0.94
0.025 0.205
0.01 0.795
0.08 0.72
0.155 0.095
0.795 0.965
0.155 0.995
0.085 0.865
0.7 0.565
0.01 0.735
0.105 0.74
0.105 0.7
0.395 0.645
0.06 0.915
0.01 0.89
0.39 0.69
0.14 0.875
0.165 0.885
0.09 0.72
0.055 0.97
0.395 0.9
0.4 0.895
0.19 0.91
0.09 0.73
0.045 0.015
0.2 0.98
0.65 0.525
0.33 0.565
0.72 0.975
0.325 0.92
0.635 0.54
0.185 0.025
0.24 0.925
0.205 0.98
0.68 0.97
0.14 0.88
0.765 0.985
0.825 0.96
0.195 0.965
0.635 0.525
0.2 0.035
0.84 0.955
0.41 0.69
0.04 0.37
0.09 0.72
0.42 0.69
0.685 0.54
0.68 0.545
0.705 0.965
0.33 0.995
0.08 0.71
0.08 0.89
0.4 0.58
0.76 0.525
0.08 0.71
0.685 0.965
0.125 0.875
0.085 0.72
0.205 0.955
0.72 0.985
0.185 0.965
0.315 0.995
0.245 0.955
0.19 0.895
0.32 0.915
0.335 0.92
0.355 0.65
0.4 0.665
0.16 0.96
0.22 0.93
0.42 0.585
0.425 0.59
0.395 0.645
0.69 0.54
0.165 0.89
0.19 0.99
0.08 0.955
0.325 0.94
0.675 0.515
0.04 0.115
0.86 0.6
0.86 0.6
0.355 0.98
0.165 0.065
0.515 0.905
0.355 0.98
0.405 0.485
0.085 0.975
0.17 0.06
0.295 0.565
0.08 0.085
0.855 0.595
0.16 0.115
0.295 0.9
0.27 0.465
0.28 0.565
0.215 0.34
0.445 0.91
0.055 0.32
0.445 0.91
0.395 0.64
0.265 0.885
0.32 0.94
0.14 0.88
0.015 0.2
0.14 0.06
0.35 0.645
0.65 0.525
0.165 0.365
0.255 0.995
0.35 0.955
0.09 0.72
0.24 0.925
0.735 0.985
0.22 0.935
0.35 0.97
0.845 0.955
0.65 0.53
0.84 0.96
0.36 0.96
0.83 0.97
0.09 0.925
0.385 0.895
0.41 0.675
0.455 0.75
0.15 0.885
0.15 0.885
0.695 0.535
0.255 0.88
0.39 0.645
0.14 0.88
0.665 0.53
0.05 0.435
0.78 0.96
0.205 0.96
0.725 0.98
0.33 0.92
0.72 0.975
0.145 0.88
0.76 0.985
0.145 0.955
0.145 0.01
0.185 0.93
0.725 0.98
0.205 0.955
0.405 0.89
0.77 0.99
0.405 0.895
0.03 0.71
0.06 0.93
0.405 0.89
0.035 0.095
0.3 0.445
0.395 0.91
0.125 0.115
0.045 0.485
0.395 0.645
0.67 0.975
0.095 0.08
0.12 0.985
0.675 0.55
0.16 0.91
0.145 0.885
0.165 0.925
0.075 0.02
0.105 0.725
0.375 0.66
0.325 0.995
0.07 0.055
0.685 0.99
0.65 0.525
0.145 0.365
0.325 0.99
0.355 0.965
0.705 0.565
0.7 0.995
0.75 0.975
0.33 0.985
0.345 0.91
0.835 0.96
0.65 0.525
0.805 0.95
0.405 0.645
0.41 0.59
0.645 0.52
0.155 0.945
0.685 0.99
0.17 0.91
0.645 0.525
0.645 0.525
0.635 0.525
0.63 0.525
0.755 0.97
0.675 0.97
0.33 0.94
0.095 0.865
0.13 0.855
0.325 0.565
0.08 0.71
0.185 0.995
0.34 0.9
0.09 0.72
0.375 0.66
0.245 0.89
0.14 0.045
0.16 0.9
0.245 0.96
0.225 0.945
0.2 0.98
0.27 0.9
0.145 0.885
0.315 0.995
0.225 0.905
0.315 0.99
0.35 0.905
0.445 0.745
0.025 0.185
0.095 0.71
0.835 0.95
0.095 0.73
0.84 0.955
0.195 0.88
0.395 0.655
0.265 0.885
0.3 0.725
0.36 0.96
0.65 0.53
0.37 0.665
0.15 0.09
0.35 0.98
0.705 0.565
0.035 0.715
0.635 0.54
0.085 0.72
0.335 0.925
0.425 0.685
0.63 0.535
0.33 0.565
0.835 0.96
0.335 0.02
0.075 0.985
0.705 0.565
0.03 0.16
0.085 0.72
0.17 0.055
0.365 0.66
0.385 0.68
0.415 0.7
0.39 0.675
0.335 0.015
0.35 0.65
0.355 0.65
0.165 0.995
0.29 0.895
0.29 0.895
0.75 0.965
0.35 0.66
0.99 0.935
0.8 0.64
0.395 0.48
0.155 0.085
0.4 0.915
0.035 0.7
0.2 0.03
0.01 0.33
0.72 0.995
0.055 0.99
0.35 0.655
0.29 0.555
0.145 0.365
0.78 0.96
0.38 0.675
0.65 0.53
0.02 0.21
0.095 0.87
0.135 0.925
0.13 0.055
0.01 0.7
0.845 0.96
0.025 0.205
0.145 0.885
0.265 0.885
0.085 0.72
0.335 0.895
0.67 0.52
0.115 0.05
0.635 0.53
0.645 0.53
0.105 0.735
0.725 0.98
0.4 0.66
0.71 0.55
0.15 0.865
0.245 0.93
0.255 0.945
0.245 0.96
0.14 0.895
0.145 0.895
0.725 0.98
0.155 0.05
0.02 0.195
0.155 0.97
0.29 0.94
0.14 0.97
0.185 0.93
0.395 0.645
0.705 0.545
0.225 0.94
0.165 0.975
0.09 0.72
0.16 0.97
0.205 0.925
0.255 0.94
0.7 0.995
0.375 0.64
0.22 0.9
0.155 0.02
0.19 0.905
0.23 0.9
0.095 0.73
0.175 0.925
0.165 0.96
0.28 0.91
0.38 0.655
0.16 0.015
0.3 0.92
0.295 0.915
0.2 0.895
0.01 0.16
0.155 0.885
0.01 0.17
0.715 0.55
0.69 0.515
0.425 0.685
0.405 0.71
0.375 0.665
0.71 0.565
0.38 0.675
0.38 0.675
0.01 0.74
0.34 0.925
0.025 0.935
0.205 0.875
0.405 0.705
0.405 0.59
0.03 0.795
0.38 0.67
0.31 0.93
0.385 0.675
0.365 0.655
0.285 0.91
0.125 0.895
0.015 0.805
0.83 0.96
0.315 0.93
0.16 0.91
0.145 0.98
0.14 0.98
0.01 0.165
0.645 0.52
0.28 0.91
0.085 0.72
0.685 0.52
0.355 0.645
0.13 0.97
0.01 0.975
0.15 0.99
0.04 0.945
0.35 0.98
0.34 0.65
0.145 0.885
0.355 0.905
0.71 0.55
0.715 0.96
0.715 0.96
0.225 0.95
0.36 0.645
0.36 0.645
0.355 0.645
0.73 0.995
0.3 0.925
0.355 0.65
0.72 0.96
0.375 0.64
0.225 0.93
0.31 0.945
0.31 0.945
0.295 0.92
0.33 0.92
0.835 0.96
0.35 0.65
0.695 0.995
0.21 0.91
0.335 0.915
0.295 0.93
0.17 0.89
0.25 0.94
0.29 0.905
0.19 0.92
0.29 0.92
0.39 0.645
0.705 0.965
0.155 0.895
0.01 0.7
0.315 0.945
0.185 0.995
0.3 0.925
0.195 0.915
0.245 0.935
0.395 0.645
0.705 0.965
0.3 0.915
0.71 0.965
0.715 0.96
0.715 0.965
0.375 0.68
0.145 0.885
0.69 0.535
0.3 0.445
0.68 0.55
0.215 0.875
0.03 0.705
0.38 0.675
0.105 0.715
0.235 0.25
0.405 0.7
0.76 0.965
0.635 0.54
0.02 0.21
0.405 0.605
0.3 0.565
0.79 0.965
0.085 0.72
0.845 0.96
0.085 0.715
0.8 0.525
0.35 0.92
0.335 0.57
0.125 0.085
0.38 0.675
0.335 0.925
0.34 0.925
0.37 0.67
0.165 0.06
0.365 0.66
0.68 0.96
0.305 0.555
0.24 0.875
0.675 0.505
0.165 0.06
0.755 0.55
0.04 0.445
0.28 0.89
0.725 0.95
0.01 0.935
0.39 0.635
0.975 0.915
0.08 0.71
0.32 0.43
0.07 0.49
0.045 0.415
0.5 0.535
0.695 0.555
0.33 0.64
0.72 0.54
0.125 0.975
0.325 0.565
0.715 0.96
0.195 0.96
0.19 0.955
0.03 0.19
0.025 0.195
0.14 0.89
0.675 0.52
0.175 0.92
0.105 0.87
0.315 0.925
0.69 0.545
0.075 0.01
0.35 0.895
0.68 0.99
0.71 0.965
0.39 0.645
0.11 0.04
0.71 0.965
0.39 0.645
0.305 0.915
0.165 0.885
0.1 0.73
0.15 0.985
0.715 0.96
0.285 0.9
0.17 0.885
0.71 0.965
0.395 0.645
0.395 0.645
0.725 0.995
0.325 0.92
0.3 0.565
0.15 0.885
0.245 0.9
0.19 0.98
0.24 0.93
0.335 0.9
0.39 0.665
0.995 0.915
0.29 0.915
0.375 0.64
0.35 0.955
0.78 0.975
0.33 0.895
0.785 0.955
0.16 0.86
0.15 0.885
0.725 0.96
0.725 0.98
0.28 0.9
0.355 0.91
0.015 0.73
0.63 0.515
0.13 0.97
0.145 0.88
0.14 0.88
0.69 0.545
0.145 0.88
0.085 0.72
0.405 0.665
0.815 0.945
0.015 0.945
0.67 0.515
0.68 0.545
0.14 0.855
0.75 0.525
0.09 0.87
0.405 0.575
0.16 0.115
0.705 0.565
0.05 0.91
0.355 0.525
0.635 0.54
0.08 0.965
0.295 0.9
0.085 0.705
0.71 0.96
0.645 0.535
0.635 0.54
0.16 0.095
0.375 0.67
0.685 0.54
0.145 0.885
0.38 0.635
0.19 0.965
0.705 0.965
0.165 0.845
0.4 0.82
0.07 0.895
0.435 0.745
0.17 0.05
0.325 0.895
0.095 0.71
0.845 0.96
0.705 0.565
0.755 0.995
0.75 0.995
0.02 0.715
0.13 0.93
0.3 0.56
0.34 0.56
0.08 0.72
0.285 0.89
0.36 0.81
0.79 0.965
0.085 0.445
0.075 0.72
0.32 0.565
0.295 0.725
0.295 0.725
0.685 0.54
0.375 0.635
0.725 0.95
0.675 0.98
0.085 0.72
0.41 0.855
0.35 0.645
0.145 0.01
0.13 0.965
0.725 0.98
0.83 0.96
0.355 0.65
0.19 0.965
0.375 0.64
0.21 0.905
0.285 0.92
0.36 0.645
0.39 0.645
0.725 0.98
0.125 0.865
0.15 0.04
0.145 0.87
0.32 0.91
0.225 0.905
0.275 0.9
0.165 0.9
0.145 0.97
0.145 0.885
0.295 0.94
0.145 0.885
0.145 0.885
0.725 0.98
0.14 0.96
0.38 0.65
0.15 0.87
0.19 0.905
0.13 0.965
0.73 0.995
0.225 0.945
0.965 0.995
0.095 0.705
0.64 0.525
0.275 0.895
0.745 0.965
0.01 0.175
0.165 0.865
0.725 0.98
0.145 0.945
0.4 0.645
0.785 0.52
0.695 0.54
0.385 0.635
0.755 0.525
0.765 0.525
0.035 0.145
0.125 0.95
0.14 0.89
0.425 0.595
0.79 0.965
0.14 0.36
0.03 0.16
0.095 0.705
0.635 0.525
0.335 0.645
0.08 0.73
0.14 0.91
0.36 0.63
0.015 0.935
0.045 0.935
0.29 0.895
0.71 0.955
0.45 0.74
0.165 0.845
0.08 0.72
0.665 0.505
0.3 0.725
0.395 0.625
0.425 0.575
0.18 0.09
0.185 0.095
0.525 0.895
0.21 0.365
0.165 0.12
0.55 0.35
0.085 0.645
0.45 0.915
0.575 0.465
0.52 0.9
0.52 0.9
0.52 0.9
0.855 0.595
0.05 0.36
0.42 0.575
0.16 0.125
0.725 0.95
0.405 0.71
0.405 0.71
0.445 0.91
0.825 0.6
0.645 0.52
0.08 0.72
0.265 0.885
0.755 0.995
0.065 0.97
0.15 0.885
0.33 0.925
0.01 0.39
0.165 0.365
0.35 0.975
0.155 0.885
0.335 0.925
0.765 0.985
0.35 0.975
0.355 0.905
0.765 0.985
0.65 0.53
0.385 0.64
0.78 0.96
0.355 0.97
0.835 0.97
0.37 0.665
0.34 0.995
0.04 0.805
0.35 0.985
0.64 0.535
0.64 0.535
0.335 0.895
0.68 0.97
0.295 0.905
0.725 0.98
0.145 0.87
0.68 0.98
0.725 0.98
0.725 0.98
0.725 0.98
0.325 0.92
0.155 0.905
0.33 0.92
0.305 0.915
0.315 0.92
0.35 0.645
0.71 0.965
0.685 0.975
0.15 0.88
0.815 0.98
0.425 0.685
0.435 0.745
0.175 0.845
0.45 0.755
0.025 0.89
0.305 0.44
0.805 0.99
0.155 0.07
0.435 0.745
0.675 0.55
0.395 0.645
0.13 0.97
0.68 0.545
0.12 0.95
0.13 0.965
0.145 0.885
0.13 0.965
0.01 0.17
0.68 0.985
0.68 0.97
0.32 0.925
0.83 0.96
0.375 0.655
0.095 0.735
0.655 0.525
0.655 0.525
0.35 0.97
0.33 0.92
0.335 0.925
0.645 0.53
0.325 0.92
0.3 0.92
0.325 0.92
0.395 0.645
0.285 0.9
0.105 0.875
0.35 0.98
0.67 0.525
0.395 0.645
0.42 0.69
0.355 0.965
0.265 0.885
0.4 0.665
0.715 0.55
0.645 0.52
0.16 0.895
0.4 0.66
0.645 0.52
0.19 0.965
0.11 0.865
0.195 0.96
0.325 0.565
0.325 0.565
0.185 0.995
0.29 0.915
0.09 0.72
0.33 0.92
0.825 0.96
0.19 0.9
0.33 0.92
0.325 0.92
0.195 0.97
0.705 0.995
0.295 0.935
0.15 0.885
0.29 0.905
0.35 0.97
0.4 0.665
0.355 0.905
0.35 0.96
0.355 0.905
0.03 0.705
0.355 0.965
0.35 0.98
0.285 0.895
0.265 0.885
0.355 0.955
0.285 0.895
0.36 0.96
0.425 0.685
0.295 0.44
0.36 0.96
0.16 0.135
0.32 0.01
0.27 0.565
0.01 0.215
0.165 0.065
0.64 0.54
0.64 0.54
0.675 0.545
0.085 0.88
0.425 0.685
0.085 0.72
0.08 0.72
0.38 0.675
0.085 0.72
0.085 0.72
0.085 0.72
0.02 0.205
0.775 0.65
0.295 0.56
0.655 0.525
0.655 0.515
0.655 0.53
0.655 0.525
0.36 0.655
0.4 0.59
0.28 0.89
0.29 0.895
0.275 0.895
0.27 0.885
0.27 0.885
0.27 0.885
0.27 0.885
0.7 0.955
0.7 0.955
0.065 0.38
0.62 0.53
0.08 0.975
0.35 0.92
0.345 0.645
0.66 0.515
0.08 0.73
0.155 0.92
0.62 0.53
0.42 0.69
0.63 0.535
0.675 0.985
0.35 0.98
0.1 0.735
0.14 0.86
0.635 0.535
0.025 0.205
0.025 0.205
0.295 0.935
0.17 0.96
0.09 0.72
0.34 0.92
0.34 0.92
0.28 0.91
0.35 0.915
0.025 0.805
0.41 0.58
0.7 0.995
0.155 0.01
0.15 0.885
0.3 0.92
0.015 0.19
0.245 0.955
0.285 0.905
0.165 0.97
0.285 0.905
0.28 0.915
0.245 0.92
0.15 0.885
0.01 0.16
0.745 0.985
0.215 0.9
0.745 0.985
0.395 0.645
0.395 0.645
0.2 0.995
0.2 0.995
0.09 0.72
0.325 0.92
0.325 0.92
0.325 0.915
0.325 0.92
0.72 0.975
0.195 0.935
0.18 0.925
0.17 0.875
0.2 0.895
0.705 0.97
0.385 0.655
0.17 0.96
0.39 0.655
0.4 0.67
0.385 0.655
0.105 0.725
0.4 0.66
0.355 0.905
0.305 0.94
0.645 0.52
0.84 0.95
0.305 0.94
0.425 0.685
0.425 0.685
0.08 0.715
0.165 0.365
0.25 0.54
0.08 0.735
0.335 0.66
0.98 0.92
0.14 0.37
0.765 0.53
0.145 0.37
0.64 0.515
0.675 0.98
0.145 0.855
0.71 0.55
0.135 0.855
0.125 0.955
0.68 0.985
0.155 0.92
0.13 0.855
0.305 0.925
0.4 0.65
0.37 0.66
0.305 0.925
0.345 0.985
0.42 0.69
0.345 0.985
0.645 0.52
0.645 0.52
0.645 0.52
0.71 0.995
0.365 0.645
0.28 0.91
0.39 0.655
0.28 0.91
0.15 0.885
0.16 0.86
0.19 0.025
0.7 0.995
0.195 0.95
0.15 0.885
0.34 0.915
0.245 0.92
0.26 0.94
0.225 0.985
0.16 0.88
0.16 0.88
0.28 0.93
0.155 0.88
0.73 0.995
0.245 0.92
0.71 0.985
0.71 0.98
0.71 0.985
0.215 0.99
0.24 0.925
0.16 0.88
0.325 0.92
0.355 0.65
0.16 0.88
0.32 0.92
0.285 0.905
0.285 0.905
0.015 0.19
0.015 0.19
0.185 0.9
0.215 0.89
0.365 0.645
0.19 0.9
0.38 0.655
0.135 0.96
0.38 0.655
0.725 0.98
0.15 0.885
0.355 0.645
0.68 0.975
0.355 0.645
0.18 0.975
0.145 0.875
0.355 0.645
0.18 0.975
0.23 0.99
0.23 0.99
0.02 0.205
0.025 0.205
0.375 0.675
0.295 0.725
0.025 0.205
0.345 0.56
0.295 0.725
0.16 0.855
0.13 0.92
0.4 0.705
0.975 0.99
0.845 0.96
0.965 0.995
0.71 0.955
0.29 0.44
0.965 0.995
0.405 0.71
0.79 0.965
0.695 0.56
0.67 0.99
0.5 0.535
0.435 0.75
0.1 0.855
0.13 0.135
0.405 0.695
0.79 0.965
0.68 0.555
0.35 0.985
0.01 0.895
0.835 0.96
0.265 0.885
0.42 0.585
0.045 0.8
0.395 0.64
0.725 0.955
0.385 0.635
0.77 0.99
0.79 0.975
0.405 0.71
0.045 0.8
0.01 0.89
0.145 0.365
0.39 0.585
0.625 0.52
0.39 0.585
0.14 0.875
0.14 0.88
0.79 0.965
0.14 0.88
0.72 0.99
0.155 0.905
0.375 0.665
0.165 0.885
0.165 0.885
0.01 0.165
0.15 0.9
0.105 0.88
0.71 0.99
0.17 0.99
0.12 0.865
0.395 0.67
0.69 0.545
0.69 0.545
0.22 0.945
0.225 0.94
0.145 0.885
0.32 0.92
0.16 0.88
0.255 0.94
0.745 0.985
0.325 0.91
0.355 0.645
0.24 0.925
0.245 0.92
0.15 0.885
0.295 0.93
0.755 0.985
0.2 0.98
0.195 0.98
0.395 0.645
0.395 0.645
0.325 0.92
0.325 0.92
0.635 0.54
0.65 0.525
0.325 0.92
0.36 0.645
0.69 0.545
0.325 0.92
0.325 0.92
0.345 0.645
0.385 0.64
0.355 0.645
0.715 0.96
0.715 0.54
0.425 0.59
0.395 0.64
0.155 0.885
0.15 0.885
0.325 0.9
0.145 0.87
0.35 0.96
0.635 0.525
0.715 0.96
0.68 0.97
0.145 0.87
0.35 0.645
0.35 0.645
0.365 0.66
0.4 0.585
0.68 0.555
0.76 0.525
0.345 0.645
0.325 0.565
0.76 0.525
0.02 0.15
0.685 0.97
0.295 0.44
0.685 0.51
0.52 0.545
0.68 0.955
0.275 0.46
0.3 0.725
0.485 0.995
0.16 0.065
0.27 0.885
0.965 0.995
0.085 0.705
0.685 0.51
0.085 0.705
0.715 0.955
0.965 0.995
0.085 0.705
0.145 0.885
0.145 0.885
0.44 0.74
0.72 0.955
0.705 0.965
0.08 0.72
0.72 0.955
0.685 0.54
0.085 0.72
0.44 0.74
0.44 0.74
0.42 0.69
0.09 0.74
0.79 0.965
0.34 0.565
0.035 0.805
0.24 0.865
0.845 0.955
0.295 0.9
0.405 0.645
0.27 0.885
0.33 0.565
0.085 0.71
0.155 0.075
0.435 0.745
0.675 0.97
0.155 0.845
0.295 0.725
0.295 0.725
0.15 0.865
0.635 0.525
0.765 0.96
0.355 0.65
0.37 0.665
0.145 0.885
0.635 0.535
0.415 0.595
0.13 0.89
0.24 0.925
0.725 0.995
0.15 0.885
0.715 0.98
0.245 0.92
0.15 0.875
0.16 0.875
0.365 0.645
0.39 0.645
0.215 0.95
0.715 0.975
0.725 0.98
0.165 0.975
0.325 0.99
0.285 0.94
0.15 0.895
0.175 0.885
0.175 0.885
0.25 0.955
0.26 0.895
0.145 0.885
0.355 0.645
0.16 0.88
0.19 0.99
0.16 0.88
0.33 0.92
0.33 0.92
0.175 0.93
0.01 0.17
0.325 0.915
0.185 0.97
0.645 0.52
0.1 0.725
0.305 0.94
0.01 0.165
0.705 0.995
0.395 0.88
0.305 0.94
0.165 0.865
0.395 0.64
0.32 0.94
0.315 0.94
0.395 0.64
0.305 0.555
0.305 0.555
0.68 0.545
0.315 0.905
0.705 0.965
0.095 0.87
0.685 0.54
0.68 0.965
0.25 0.88
0.665 0.515
0.145 0.885
0.79 0.97
0.155 0.07
0.7 0.545
0.985 0.91
0.27 0.885
0.42 0.67
0.28 0.89
0.195 0.01
0.265 0.885
0.06 0.315
0.28 0.89
0.2 0.03
0.485 0.995
0.16 0.115
0.485 0.995
0.485 0.995
0.525 0.895
0.525 0.895
0.055 0.32
0.355 0.98
0.225 0.33
0.29 0.725
0.025 0.21
0.465 0.9
0.36 0.97
0.46 0.905
0.245 0.02
0.195 0.05
0.04 0.12
0.265 0.395
0.45 0.755
0.2 0.035
0.015 0.21
0.355 0.97
0.355 0.525
0.03 0.105
0.38 0.685
0.04 0.2
0.045 0.32
0.295 0.565
0.3 0.565
0.295 0.565
0.34 0.025
0.625 0.54
0.295 0.565
0.7 0.955
0.42 0.57
0.295 0.9
0.27 0.885
0.275 0.46
0.42 0.57
0.42 0.57
0.855 0.595
0.855 0.595
0.035 0.205
0.355 0.665
0.16 0.125
0.645 0.535
0.365 0.665
0.3 0.56
0.295 0.56
0.295 0.56
0.29 0.56
0.165 0.125
0.375 0.68
0.37 0.67
0.165 0.06
0.025 0.205
0.29 0.56
0.29 0.56
0.055 0.32
0.055 0.32
0.305 0.94
0.4 0.64
0.645 0.52
0.32 0.925
0.65 0.52
0.645 0.52
0.33 0.925
0.105 0.72
0.16 0.86
0.025 0.19
0.325 0.92
0.32 0.925
0.3 0.925
0.26 0.995
0.325 0.92
0.145 0.88
0.325 0.92
0.325 0.92
0.645 0.53
0.3 0.56
0.33 0.925
0.345 0.98
0.325 0.92
0.325 0.92
0.725 0.99
0.395 0.645
0.395 0.645
0.245 0.92
0.28 0.91
0.33 0.925
0.355 0.645
0.325 0.92
0.285 0.905
0.355 0.645
0.255 0.995
0.25 0.92
0.205 0.965
0.01 0.16
0.285 0.92
0.375 0.64
0.28 0.915
0.26 0.89
0.345 0.955
0.1 0.735
0.3 0.94
0.28 0.91
0.645 0.53
0.35 0.96
0.645 0.52
0.645 0.52
0.645 0.52
0.4 0.66
0.405 0.645
0.405 0.645
0.42 0.8
0.69 0.545
0.375 0.525
0.695 0.555
0.015 0.205
0.345 0.66
0.43 0.595
0.29 0.555
0.775 0.53
0.075 0.925
0.645 0.52
0.405 0.79
0.755 0.995
0.18 0.96
0.145 0.905
0.805 0.955
0.37 0.665
0.16 0.925
0.085 0.71
0.03 0.205
0.78 0.965
0.375 0.665
0.34 0.925
0.445 0.755
0.34 0.925
0.645 0.52
0.645 0.52
0.42 0.585
0.135 0.92
0.36 0.645
0.645 0.52
0.305 0.94
0.09 0.72
0.645 0.52
0.16 0.86
0.32 0.94
0.765 0.985
0.305 0.925
0.755 0.995
0.34 0.985
0.325 0.92
0.72 0.975
0.33 0.92
0.26 0.995
0.33 0.92
0.35 0.645
0.675 0.98
0.375 0.665
0.33 0.92
0.83 0.96
0.33 0.92
0.355 0.65
0.735 0.995
0.7 0.995
0.335 0.92
0.325 0.925
0.09 0.735
0.39 0.645
0.285 0.905
0.69 0.545
0.39 0.645
0.015 0.19
0.32 0.92
0.17 0.89
0.345 0.98
0.28 0.9
0.19 0.99
0.01 0.175
0.745 0.995
0.35 0.9
0.145 0.885
0.125 0.875
0.68 0.98
0.34 0.9
0.325 0.91
0.725 0.985
0.165 0.885
0.725 0.985
0.325 0.91
0.23 0.99
0.23 0.99
0.07 0.46
0.33 0.565
0.405 0.71
0.39 0.635
0.035 0.085
0.39 0.635
0.34 0.56
0.055 0.07
0.02 0.735
0.405 0.71
0.265 0.885
0.015 0.065
0.965 0.995
0.055 0.355
0.345 0.8
0.08 0.955
0.725 0.95
0.385 0.575
0.32 0.89
0.155 0.07
0.01 0.09
0.405 0.77
0.705 0.565
0.315 0.44
0.445 0.6
0.71 0.565
0.71 0.565
0.425 0.58
0.03 0.89
0.395 0.645
0.265 0.885
0.275 0.89
0.08 0.96
0.085 0.72
0.765 0.96
0.115 0.355
0.125 0.445
0.28 0.55
0.03 0.705
0.335 0.02
0.7 0.56
0.36 0.825
0.375 0.67
0.78 0.96
0.39 0.585
0.39 0.585
0.62 0.53
0.375 0.67
0.365 0.66
0.325 0.565
0.665 0.53
0.08 0.73
0.16 0.91
0.16 0.91
0.17 0.015
0.105 0.715
0.4 0.65
0.015 0.195
0.69 0.545
0.16 0.035
0.385 0.67
0.02 0.155
0.125 0.87
0.095 0.73
0.305 0.925
0.325 0.99
0.155 0.88
0.745 0.985
0.15 0.88
0.725 0.99
0.155 0.01
0.015 0.19
0.35 0.975
0.375 0.655
0.145 0.9
0.01 0.16
0.385 0.645
0.01 0.19
0.685 0.985
0.395 0.645
0.395 0.645
0.34 0.915
0.325 0.92
0.335 0.925
0.325 0.92
0.325 0.92
0.3 0.92
0.325 0.92
0.335 0.92
0.32 0.92
0.725 0.98
0.22 0.945
0.37 0.645
0.365 0.64
0.155 0.86
0.15 0.865
0.27 0.895
0.995 0.915
0.325 0.945
0.28 0.91
0.33 0.92
0.3 0.92
0.325 0.945
0.19 0.9
0.305 0.915
0.375 0.64
0.345 0.645
0.345 0.645
0.02 0.15
0.325 0.92
0.16 0.92
0.995 0.915
0.02 0.15
0.64 0.53
0.63 0.53
0.17 0.99
0.825 0.96
0.68 0.545
0.16 0.86
0.705 0.965
0.085 0.705
0.715 0.955
0.72 0.955
0.285 0.895
0.32 0.43
0.705 0.96
0.045 0.95
0.42 0.695
0.265 0.885
0.71 0.96
0.315 0.905
0.76 0.965
0.75 0.965
0.145 0.885
0.145 0.885
0.685 0.54
0.315 0.91
0.71 0.965
0.145 0.885
0.63 0.525
0.145 0.885
0.145 0.885
0.255 0.88
0.25 0.88
0.795 0.525
0.68 0.545
0.085 0.72
0.245 0.865
0.4 0.585
0.785 0.525
0.125 0.97
0.445 0.745
0.105 0.885
0.265 0.885
0.8 0.945
0.14 0.875
0.355 0.965
0.395 0.645
0.635 0.53
0.13 0.855
0.76 0.525
0.76 0.525
0.29 0.915
0.145 0.885
0.08 0.72
0.09 0.735
0.09 0.735
0.725 0.98
0.095 0.735
0.825 0.96
0.685 0.97
0.385 0.645
0.35 0.645
0.67 0.525
0.74 0.99
0.245 0.92
0.225 0.94
0.19 0.945
0.215 0.915
0.745 0.98
0.165 0.965
0.2 0.895
0.18 0.935
0.345 0.91
0.385 0.645
0.25 0.94
0.19 0.985
0.155 0.955
0.155 0.955
0.21 0.92
0.725 0.98
0.145 0.885
0.16 0.88
0.745 0.985
0.19 0.92
0.395 0.665
0.015 0.19
0.27 0.905
0.19 0.92
0.17 0.9
0.38 0.66
0.185 0.97
0.295 0.94
0.135 0.89
0.285 0.9
0.17 0.87
0.015 0.18
0.705 0.995
0.35 0.965
0.35 0.9
0.12 0.86
0.385 0.655
0.01 0.175
0.015 0.18
0.135 0.925
0.135 0.925
0.155 0.91
0.305 0.915
0.635 0.53
0.095 0.87
0.165 0.93
0.065 0.91
0.305 0.91
0.395 0.655
0.075 0.915
0.1 0.905
0.395 0.64
0.68 0.965
0.705 0.96
0.4 0.64
0.74 0.96
0.275 0.89
0.425 0.585
0.4 0.64
0.265 0.885
0.265 0.885
0.285 0.895
0.28 0.89
0.27 0.885
0.27 0.885
0.685 0.51
0.86 0.6
0.3 0.725
0.045 0.8
0.32 0.015
0.365 0.95
0.305 0.44
0.01 0.21
0.675 0.56
0.425 0.685
0.35 0.665
0.35 0.665
0.335 0.57
0.335 0.995
0.34 0.57
0.69 0.52
0.34 0.56
0.305 0.44
0.65 0.525
0.69 0.96
0.32 0.43
0.38 0.675
0.27 0.885
0.415 0.805
0.675 0.55
0.64 0.54
0.08 0.76
0.14 0.575
0.4 0.64
0.27 0.885
0.34 0.565
0.425 0.685
0.675 0.55
0.265 0.885
0.295 0.9
0.03 0.715
0.405 0.665
0.4 0.64
0.345 0.565
0.84 0.96
0.65 0.53
0.355 0.97
0.645 0.53
0.335 0.92
0.095 0.735
0.34 0.92
0.15 0.885
0.635 0.535
0.4 0.59
0.085 0.72
0.375 0.67
0.635 0.535
0.645 0.535
0.83 0.965
0.83 0.965
0.755 0.995
0.755 0.995
0.3 0.565
0.355 0.965
0.65 0.53
0.615 0.53
0.4 0.695
0.38 0.585
0.5 0.535
0.795 0.53
0.17 0.055
0.415 0.695
0.835 0.965
0.085 0.885
0.135 0.86
0.84 0.955
0.325 0.925
0.755 0.995
0.09 0.72
0.335 0.925
0.625 0.535
0.36 0.655
0.14 0.365
0.085 0.715
0.355 0.65
0.085 0.715
0.015 0.805
0.68 0.985
0.16 0.92
0.4 0.64
0.725 0.955
0.09 0.705
0.4 0.64
0.4 0.64
0.4 0.64
0.4 0.64
0.765 0.96
0.28 0.89
0.7 0.565
0.075 0.445
0.805 0.995
0.71 0.565
0.335 0.815
0.405 0.795
0.015 0.205
0.015 0.095
0.145 0.08
0.035 0.105
0.255 0.565
0.16 0.065
0.09 0.95
0.345 0.56
0.35 0.56
0.015 0.4
0.26 0.56
0.26 0.56
0.355 0.53
0.425 0.69
0.785 0.535
0.41 0.705
0.15 0.075
0.155 0.065
0.155 0.06
0.345 0.655
0.725 0.545
0.03 0.16
0.375 0.67
0.79 0.965
0.31 0.93
0.405 0.59
0.16 0.925
0.175 0.995
0.63 0.535
0.015 0.805
0.795 0.53
0.37 0.665
0.41 0.595
0.675 0.53
0.16 0.995
0.63 0.535
0.175 0.995
0.16 0.995
0.33 0.565
0.38 0.675
0.3 0.565
0.635 0.54
0.41 0.595
0.4 0.59
0.355 0.655
0.37 0.665
0.635 0.535
0.42 0.595
0.805 0.945
0.16 0.935
0.12 0.94
0.135 0.045
0.09 0.71
0.18 0.91
0.125 0.95
0.04 0.945
0.01 0.715
0.295 0.9
0.235 0.865
0.02 0.72
0.42 0.69
0.055 0.015
0.02 0.975
0.055 0.965
0.655 0.525
0.65 0.53
0.17 0.88
0.145 0.885
0.09 0.72
0.335 0.92
0.83 0.96
0.28 0.91
0.38 0.67
0.095 0.735
0.385 0.655
0.16 0.895
0.385 0.645
0.3 0.92
0.225 0.99
0.16 0.905
0.135 0.01
0.165 0.885
0.33 0.92
0.19 0.985
0.1 0.73
0.1 0.735
0.01 0.165
0.22 0.99
0.36 0.645
0.16 0.88
0.75 0.985
0.16 0.88
0.325 0.92
0.725 0.98
0.015 0.19
0.35 0.905
0.725 0.995
0.725 0.995
0.16 0.905
0.195 0.955
0.16 0.88
0.255 0.94
0.33 0.905
0.335 0.895
0.725 0.985
0.715 0.96
0.71 0.96
0.715 0.96
0.685 0.965
0.395 0.645
0.315 0.945
0.39 0.66
0.325 0.92
0.22 0.895
0.315 0.945
0.15 0.87
0.71 0.965
0.375 0.64
0.705 0.965
0.705 0.965
0.155 0.87
0.725 0.995
0.15 0.885
0.16 0.875
0.39 0.665
0.225 0.92
0.685 0.985
0.745 0.99
0.175 0.99
0.15 0.97
0.315 0.915
0.245 0.94
0.14 0.89
0.38 0.66
0.28 0.9
0.14 0.89
0.39 0.645
0.28 0.9
0.35 0.965
0.325 0.915
0.25 0.96
0.35 0.96
0.245 0.93
0.245 0.93
0.325 0.91
0.395 0.645
0.395 0.645
0.185 0.935
0.225 0.94
0.09 0.72
0.325 0.92
0.33 0.92
0.145 0.955
0.325 0.92
0.325 0.92
0.225 0.94
0.245 0.935
0.14 0.97
0.18 0.93
0.245 0.93
0.75 0.975
0.015 0.185
0.39 0.66
0.145 0.975
0.195 0.895
0.25 0.965
0.16 0.875
0.225 0.925
0.2 0.965
0.7 0.995
0.29 0.94
0.28 0.915
0.7 0.995
0.7 0.995
0.27 0.9
0.19 0.895
0.185 0.905
0.22 0.895
0.755 0.975
0.16 0.025
0.195 0.89
0.255 0.89
0.195 0.89
0.3 0.915
0.165 0.87
0.3 0.92
0.285 0.9
0.285 0.9
0.705 0.965
0.305 0.91
0.315 0.945
0.18 0.97
0.13 0.945
0.39 0.655
0.165 0.95
0.705 0.965
0.295 0.935
0.175 0.875
0.165 0.86
0.39 0.655
0.39 0.655
0.045 0.98
0.76 0.98
0.36 0.645
0.21 0.885
0.385 0.655
0.67 0.52
0.27 0.895
0.3 0.94
0.3 0.94
0.055 0.97
0.01 0.165
0.02 0.795
0.135 0.935
0.75 0.995
0.055 0.98
0.355 0.9
0.645 0.52
0.645 0.525
0.755 0.995
0.645 0.52
0.265 0.885
0.105 0.725
0.105 0.725
0.105 0.725
0.105 0.725
0.69 0.515
0.69 0.515
0.405 0.71
0.405 0.71
0.735 0.535
0.405 0.71
0.405 0.71
0.405 0.71
0.405 0.71
0.125 0.995
0.12 0.965
0.69 0.55
0.79 0.965
0.405 0.71
0.395 0.9
0.77 0.525
0.16 0.365
0.405 0.7
0.685 0.54
0.125 0.97
0.125 0.965
0.645 0.52
0.985 0.92
0.655 0.525
0.025 0.81
0.12 0.425
0.085 0.48
0.13 0.92
0.13 0.92
0.4 0.895
0.795 0.965
0.405 0.7
0.645 0.525
0.1 0.725
0.065 0.97
0.085 0.72
0.095 0.72
0.245 0.555
0.315 0.925
0.33 0.92
0.395 0.65
0.105 0.875
0.285 0.905
0.02 0.15
0.675 0.98
0.135 0.855
0.345 0.645
0.095 0.735
0.68 0.985
0.38 0.67
0.68 0.525
0.995 0.915
0.995 0.915
0.16 0.995
0.395 0.645
0.395 0.645
0.085 0.735
0.33 0.995
0.345 0.92
0.13 0.98
0.095 0.885
0.66 0.515
0.41 0.59
0.12 0.87
0.72 0.98
0.185 0.985
0.67 0.525
0.125 0.95
0.705 0.965
0.705 0.965
0.705 0.965
0.1 0.87
0.765 0.965
0.765 0.965
0.13 0.955
0.715 0.55
0.715 0.55
0.305 0.91
0.35 0.89
0.3 0.905
0.295 0.905
0.28 0.91
0.28 0.91
0.125 0.875
0.83 0.96
0.13 0.965
0.16 0.96
0.295 0.94
0.39 0.65
0.145 0.885
0.17 0.96
0.14 0.905
0.3 0.92
0.185 0.905
0.28 0.91
0.34 0.915
0.325 0.915
0.225 0.94
0.165 0.885
0.33 0.92
0.18 0.935
0.765 0.98
0.025 0.195
0.155 0.885
0.35 0.91
0.39 0.645
0.285 0.905
0.175 0.99
0.64 0.53
0.64 0.53
0.315 0.99
0.155 0.885
0.29 0.935
0.325 0.985
0.16 0.875
0.2 0.92
0.165 0.885
0.15 0.88
0.19 0.985
0.72 0.96
0.36 0.645
0.245 0.935
0.285 0.92
0.365 0.645
0.365 0.645
0.37 0.64
0.355 0.645
0.375 0.64
0.275 0.895
0.395 0.645
0.325 0.915
0.745 0.97
0.365 0.645
0.365 0.645
0.285 0.92
0.37 0.645
0.37 0.645
0.725 0.975
0.725 0.995
0.15 0.885
0.245 0.92
0.245 0.92
0.185 0.98
0.195 0.95
0.72 0.975
0.72 0.975
0.365 0.645
0.72 0.96
0.29 0.92
0.31 0.95
0.285 0.92
0.735 0.97
0.705 0.975
0.325 0.915
0.245 0.9
0.72 0.96
0.725 0.96
0.295 0.92
0.245 0.9
0.215 0.95
0.295 0.92
0.245 0.965
0.245 0.965
0.27 0.91
0.375 0.665
0.375 0.665
0.34 0.92
0.675 0.98
0.375 0.665
0.675 0.98
0.305 0.925
0.325 0.92
0.325 0.92
0.22 0.92
0.15 0.885
0.68 0.98
0.245 0.93
0.295 0.92
0.24 0.895
0.69 0.97
0.305 0.915
0.285 0.915
0.205 0.96
0.155 0.88
0.245 0.955
0.145 0.89
0.28 0.91
0.12 0.86
0.35 0.895
0.29 0.935
0.28 0.91
0.3 0.92
0.205 0.89
0.68 0.97
0.74 0.995
0.76 0.98
0.32 0.995
0.74 0.995
0.295 0.94
0.295 0.94
0.39 0.645
0.39 0.645
0.3 0.92
0.715 0.975
0.39 0.665
0.715 0.975
0.74 0.985
0.225 0.92
0.15 0.88
0.705 0.965
0.305 0.91
0.155 0.9
0.15 0.88
0.715 0.985
0.33 0.99
0.315 0.925
0.7 0.995
0.7 0.995
0.115 0.05
0.165 0.01
0.325 0.92
0.325 0.905
0.29 0.91
0.06 0.045
0.755 0.97
0.19 0.99
0.195 0.89
0.705 0.965
0.445 0.745
0.04 0.955
0.38 0.65
0.01 0.175
0.385 0.65
0.705 0.99
0.735 0.995
0.385 0.65
0.72 0.99
0.71 0.965
0.355 0.645
0.73 0.995
0.715 0.96
0.68 0.98
0.2 0.955
0.37 0.64
0.37 0.64
0.375 0.675
0.965 0.995
0.16 0.12
0.85 0.6
0.405 0.71
0.96 0.995
0.445 0.91
0.16 0.86
0.32 0.94
0.405 0.71
0.16 0.12
0.96 0.995
0.045 0.365
0.16 0.115
0.275 0.455
0.275 0.455
0.715 0.955
0.45 0.905
0.405 0.705
0.13 0.92
0.755 0.525
0.05 0.36
0.16 0.12
0.72 0.95
0.425 0.575
0.355 0.525
0.355 0.525
0.8 0.79
0.72 0.95
0.4 0.705
0.7 0.955
0.485 0.995
0.235 0.8
0.1 0.695
0.695 0.955
0.1 0.695
0.64 0.54
0.635 0.54
0.16 0.11
0.025 0.21
0.1 0.085
0.3 0.445
0.3 0.565
0.32 0.89
0.295 0.565
0.375 0.67
0.38 0.675
0.38 0.685
0.37 0.67
0.325 0.02
0.385 0.685
0.37 0.67
0.715 0.955
0.715 0.955
0.11 0.25
0.2 0.025
0.43 0.8
0.725 0.95
0.055 0.355
0.405 0.485
0.195 0.025
0.215 0.855
0.045 0.135
0.705 0.565
0.3 0.565
0.355 0.525
0.675 0.56
0.4 0.695
0.025 0.055
0.01 0.89
0.69 0.96
0.745 0.525
0.37 0.665
0.085 0.72
0.665 0.535
0.08 0.71
0.275 0.55
0.385 0.58
0.08 0.71
0.36 0.655
0.36 0.655
0.4 0.595
0.285 0.56
0.37 0.665
0.085 0.705
0.08 0.72
0.355 0.665
0.33 0.56
0.13 0.92
0.17 0.055
0.79 0.94
0.1 0.85
0.085 0.705
0.045 0.415
0.79 0.965
0.525 0.545
0.79 0.965
0.075 0.72
0.075 0.72
0.405 0.64
0.385 0.58
0.27 0.885
0.685 0.535
0.79 0.94
0.63 0.51
0.635 0.515
0.385 0.585
0.385 0.585
0.31 0.565
0.235 0.55
0.375 0.525
0.1 0.08
0.01 0.4
0.15 0.375
0.105 0.08
0.115 0.08
0.415 0.775
0.075 0.895
0.01 0.935
0.1 0.855
0.33 0.925
0.335 0.925
0.33 0.925
0.33 0.925
0.83 0.965
0.33 0.925
0.39 0.635
0.295 0.44
0.15 0.315
0.33 0.925
0.38 0.67
0.355 0.65
0.355 0.65
0.38 0.67
0.38 0.67
0.195 0.87
0.375 0.675
0.79 0.965
0.145 0.06
0.08 0.93
0.79 0.965
0.385 0.675
0.11 0.935
0.395 0.585
0.33 0.64
0.325 0.565
0.12 0.895
0.33 0.925
0.38 0.67
0.165 0.995
0.355 0.65
0.095 0.735
0.385 0.67
0.705 0.545
0.435 0.745
0.13 0.98
0.145 0.88
0.63 0.53
0.305 0.925
0.195 0.955
0.715 0.96
0.715 0.96
0.675 0.985
0.375 0.67
0.11 0.875
0.13 0.965
0.13 0.965
0.125 0.955
0.185 0.945
0.17 0.99
0.72 0.98
0.1 0.87
0.66 0.52
0.13 0.965
0.185 0.94
0.135 0.975
0.16 0.91
0.19 0.985
0.72 0.98
0.15 0.03
0.175 0.875
0.635 0.53
0.1 0.88
0.17 0.9
0.14 0.89
0.09 0.04
0.19 0.915
0.635 0.53
0.635 0.53
0.16 0.91
0.68 0.985
0.15 0.885
0.725 0.995
0.375 0.665
0.16 0.91
0.33 0.92
0.32 0.92
0.145 0.01
0.14 0.89
0.715 0.96
0.135 0.97
0.69 0.995
0.18 0.925
0.19 0.895
0.14 0.95
0.285 0.905
0.2 0.895
0.285 0.9
0.355 0.645
0.225 0.945
0.175 0.885
0.71 0.965
0.325 0.91
0.33 0.91
0.36 0.645
0.36 0.645
0.205 0.9
0.195 0.955
0.16 0.91
0.15 0.88
0.225 0.94
0.195 0.985
0.2 0.955
0.015 0.19
0.015 0.19
0.375 0.64
0.71 0.965
0.21 0.91
0.375 0.64
0.71 0.965
0.375 0.64
0.19 0.97
0.39 0.645
0.71 0.965
0.385 0.64
0.36 0.645
0.21 0.91
0.385 0.64
0.365 0.645
0.365 0.645
0.285 0.92
0.36 0.645
0.36 0.645
0.725 0.995
0.375 0.665
0.64 0.54
0.37 0.665
0.37 0.665
0.35 0.645
0.37 0.665
0.33 0.92
0.72 0.975
0.29 0.915
0.645 0.52
0.68 0.97
0.155 0.865
0.15 0.885
0.16 0.86
0.16 0.86
0.25 0.88
0.16 0.86
0.725 0.98
0.25 0.935
0.365 0.645
0.37 0.64
0.145 0.885
0.34 0.895
0.33 0.95
0.725 0.98
0.725 0.98
0.995 0.915
0.71 0.965
0.72 0.99
0.73 0.96
0.3 0.91
0.125 0.855
0.3 0.91
0.32 0.945
0.685 0.965
0.4 0.645
0.34 0.95
0.135 0.925
0.015 0.16
0.355 0.965
0.355 0.905
0.35 0.98
0.09 0.72
0.03 0.16
0.085 0.71
0.25 0.88
0.4 0.64
0.13 0.965
0.355 0.65
0.71 0.55
0.36 0.655
0.635 0.525
0.145 0.885
0.14 0.85
0.285 0.9
0.36 0.645
0.645 0.52
0.355 0.64
0.135 0.935
0.35 0.9
0.355 0.64
0.355 0.64
0.44 0.755
0.41 0.695
0.025 0.705
0.68 0.555
0.085 0.735
0.33 0.925
0.34 0.92
0.17 0.96
0.17 0.995
0.12 0.875
0.725 0.985
0.13 0.97
0.175 0.995
0.705 0.545
0.155 0.905
0.375 0.665
0.155 0.905
0.155 0.905
0.69 0.545
0.835 0.96
0.785 0.965
0.65 0.525
0.69 0.545
0.395 0.645
0.395 0.645
0.69 0.545
0.16 0.99
0.395 0.645
0.355 0.96
0.395 0.645
0.295 0.905
0.355 0.965
0.355 0.96
0.355 0.96
0.4 0.64
0.16 0.84
0.705 0.55
0.15 0.865
0.76 0.965
0.67 0.995
0.08 0.72
0.685 0.54
0.715 0.54
0.085 0.72
0.085 0.72
0.32 0.43
0.76 0.525
0.165 0.845
0.685 0.955
0.32 0.43
0.32 0.43
0.98 0.99
0.025 0.93
0.68 0.96
0.13 0.31
0.27 0.885
0.69 0.515
0.195 0.13
0.16 0.125
0.16 0.125
0.215 0.085
0.64 0.54
0.64 0.54
0.405 0.705
0.27 0.885
0.485 0.995
0.405 0.71
0.405 0.71
0.355 0.525
0.355 0.525
0.405 0.71
0.405 0.71
0.29 0.895
0.275 0.89
0.71 0.96
0.28 0.89
0.695 0.955
0.68 0.505
0.275 0.89
0.715 0.955
0.715 0.955
0.295 0.565
0.635 0.54
0.345 0.995
0.295 0.565
0.295 0.565
0.295 0.565
0.645 0.535
0.335 0.925
0.095 0.74
0.375 0.67
0.375 0.67
0.085 0.88
0.375 0.67
0.095 0.74
0.375 0.67
0.3 0.565
0.72 0.955
0.085 0.705
0.29 0.9
0.4 0.64
0.715 0.96
0.26 0.885
0.35 0.955
0.4 0.66
0.01 0.17
0.1 0.7
0.72 0.955
0.03 0.89
0.655 0.525
0.355 0.965
0.635 0.54
0.52 0.55
0.3 0.56
0.1 0.735
0.105 0.88
0.1 0.735
0.525 0.525
0.31 0.905
0.12 0.965
0.34 0.99
0.345 0.645
0.825 0.96
0.375 0.67
0.76 0.525
0.325 0.565
0.675 0.985
0.155 0.06
0.42 0.69
0.32 0.01
0.375 0.67
0.675 0.99
0.365 0.66
0.42 0.595
0.42 0.595
0.36 0.655
0.38 0.675
0.09 0.875
0.085 0.72
0.085 0.72
0.68 0.555
0.715 0.55
0.34 0.99
0.09 0.72
0.105 0.725
0.715 0.55
0.3 0.905
0.105 0.725
0.125 0.88
0.125 0.88
0.14 0.885
0.285 0.555
0.295 0.56
0.77 0.965
0.985 0.915
0.77 0.96
0.765 0.99
0.7 0.545
0.3 0.935
0.79 0.965
0.11 0.455
0.035 0.435
0.525 0.55
0.03 0.8
0.765 0.99
0.525 0.55
0.525 0.55
0.41 0.705
0.405 0.71
0.165 0.06
0.11 0.725
0.2 0.03
0.39 0.585
0.085 0.71
0.2 0.03
0.14 0.365
0.14 0.365
0.62 0.525
0.295 0.725
0.295 0.725
0.37 0.635
0.685 0.54
0.4 0.64
0.635 0.535
0.295 0.56
0.145 0.885
0.83 0.965
0.365 0.665
0.315 0.905
0.765 0.985
0.35 0.645
0.635 0.535
0.345 0.98
0.36 0.645
0.325 0.92
0.725 0.995
0.33 0.92
0.72 0.975
0.64 0.53
0.825 0.96
0.355 0.65
0.255 0.995
0.325 0.92
0.72 0.975
0.725 0.995
0.36 0.645
0.385 0.645
0.205 0.955
0.755 0.99
0.15 0.885
0.245 0.92
0.72 0.975
0.205 0.955
0.725 0.99
0.72 0.975
0.33 0.92
0.375 0.64
0.635 0.53
0.19 0.975
0.195 0.97
0.205 0.925
0.245 0.96
0.725 0.985
0.14 0.015
0.72 0.965
0.385 0.64
0.365 0.645
0.29 0.92
0.28 0.915
0.74 0.97
0.29 0.92
0.22 0.955
0.72 0.975
0.72 0.975
0.335 0.91
0.33 0.915
0.15 0.885
0.245 0.92
0.245 0.92
0.345 0.905
0.19 0.945
0.745 0.985
0.385 0.665
0.245 0.93
0.745 0.97
0.245 0.935
0.215 0.905
0.385 0.66
0.205 0.905
0.725 0.98
0.33 0.92
0.695 0.995
0.69 0.97
0.3 0.925
0.27 0.9
0.7 0.995
0.285 0.94
0.315 0.995
0.275 0.91
0.3 0.915
0.3 0.915
0.19 0.9
0.34 0.9
0.28 0.915
0.725 0.995
0.725 0.995
0.725 0.98
0.38 0.67
0.305 0.925
0.185 0.995
0.19 0.985
0.725 0.98
0.135 0.98
0.19 0.89
0.19 0.89
0.165 0.985
0.13 0.965
0.15 0.9
0.38 0.655
0.195 0.915
0.155 0.88
0.14 0.895
0.205 0.895
0.38 0.65
0.14 0.015
0.125 0.04
0.695 0.995
0.695 0.995
0.135 0.97
0.145 0.885
0.68 0.97
0.15 0.865
0.29 0.915
0.11 0.86
0.685 0.54
0.29 0.915
0.13 0.895
0.11 0.855
0.44 0.74
0.105 0.865
0.685 0.54
0.44 0.74
0.095 0.865
0.965 0.995
0.375 0.635
0.405 0.575
0.095 0.705
0.34 0.95
0.265 0.89
0.095 0.705
0.755 0.965
0.75 0.965
0.14 0.85
0.38 0.635
0.375 0.635
0.725 0.96
0.27 0.895
0.39 0.645
0.35 0.895
0.015 0.18
0.675 0.52
0.165 0.865
0.33 0.945
0.16 0.86
0.755 0.525
0.3 0.905
0.145 0.855
0.36 0.635
0.36 0.635
0.98 0.995
0.355 0.96
0.27 0.89
0.415 0.575
0.295 0.55
0.38 0.635
0.03 0.935
0.29 0.545
0.675 0.505
0.385 0.635
0.39 0.635
0.32 0.43
0.015 0.065
0.725 0.96
0.35 0.895
0.305 0.91
0.4 0.665
0.35 0.96
0.175 0.965
0.135 0.885
0.405 0.575
0.32 0.94
0.715 0.555
0.835 0.96
0.765 0.985
0.405 0.885
0.77 0.525
0.36 0.91
0.365 0.89
0.195 0.88
0.145 0.91
0.16 0.995
0.645 0.515
0.44 0.745
0.15 0.91
0.69 0.55
0.185 0.035
0.095 0.445
0.16 0.855
0.16 0.855
0.185 0.025
0.355 0.9
0.395 0.645
0.035 0.935
0.23 0.885
0.78 0.975
0.095 0.865
0.63 0.515
0.025 0.4
0.39 0.635
0.025 0.885
0.755 0.525
0.01 0.935
0.975 0.99
0.13 0.12
0.38 0.63
0.29 0.895
0.28 0.89
0.975 0.99
0.285 0.895
0.29 0.545
0.975 0.99
0.385 0.63
0.28 0.89
0.425 0.575
0.69 0.955
0.7 0.955
0.98 0.995
0.29 0.9
0.72 0.54
0.105 0.7
0.45 0.74
0.43 0.59
0.42 0.575
0.38 0.63
0.38 0.63
0.295 0.725
0.425 0.575
0.425 0.575
0.48 0.995
0.485 0.995
0.3 0.725
0.11 0.24
0.485 0.995
0.11 0.24
0.295 0.72
0.485 0.995
0.11 0.24
0.18 0.09
0.8 0.62
0.18 0.09
0.8 0.62
0.305 0.06
0.27 0.015
0.53 0.85
0.52 0.9
0.42 0.575
0.965 0.995
0.4 0.64
0.645 0.52
0.335 0.925
0.35 0.97
0.04 0.81
0.17 0.055
0.295 0.905
0.68 0.97
0.38 0.665
0.325 0.92
0.675 0.55
0.275 0.555
0.33 0.565
0.78 0.95
0.68 0.97
0.19 0.89
0.335 0.925
0.015 0.19
0.175 0.995
0.355 0.965
0.26 0.885
0.19 0.965
0.645 0.52
0.25 0.895
0.725 0.98
0.35 0.965
0.35 0.975
0.355 0.965
0.16 0.13
0.065 0.08
0.425 0.685
0.32 0.89
0.08 0.735
0.655 0.53
0.77 0.965
0.28 0.89
0.08 0.98
0.09 0.89
0.375 0.67
0.42 0.69
0.09 0.72
0.26 0.885
0.15 0.885
0.205 0.915
0.335 0.99
0.28 0.915
0.33 0.925
0.35 0.905
0.33 0.91
0.15 0.04
0.35 0.965
0.42 0.69
0.815 0.975
0.155 0.92
0.7 0.545
0.785 0.955
0.12 0.945
0.42 0.69
0.36 0.645
0.645 0.52
0.155 0.885
0.215 0.93
0.725 0.995
0.31 0.99
0.09 0.735
0.295 0.93
0.285 0.92
0.075 0.025
0.33 0.91
0.355 0.645
0.65 0.53
0.295 0.56
0.295 0.9
0.18 0.765
0.98 0.995
0.375 0.855
0.835 0.96
0.17 0.055
0.32 0.89
0.365 0.52
0.28 0.555
0.14 0.875
0.325 0.925
0.01 0.165
0.16 0.915
0.145 0.955
0.385 0.65
0.7 0.995
0.635 0.54
0.325 0.92
0.375 0.64
0.16 0.365
0.345 0.955
0.085 0.71
0.385 0.675
0.35 0.645
0.765 0.965
0.17 0.095
0.285 0.895
0.035 0.37
0.72 0.96
0.09 0.705
0.3 0.565
0.025 0.795
0.675 0.98
0.765 0.965
0.765 0.96
0.16 0.86
0.355 0.65
0.205 0.94
0.225 0.99
0.2 0.905
0.145 0.885
0.16 0.96
0.245 0.955
0.17 0.025
0.27 0.895
0.42 0.68
0.705 0.965
0.085 0.71
0.33 0.565
0.065 0.395
0.685 0.51
0.175 0.085
0.605 0.46
0.355 0.98
0.69 0.515
0.03 0.205
0.17 0.06
0.295 0.565
0.295 0.9
0.485 0.995
0.16 0.125
0.02 0.21
0.37 0.67
0.37 0.67
0.645 0.52
0.265 0.885
0.635 0.535
0.145 0.9
0.095 0.74
0.02 0.155
0.33 0.925
0.35 0.975
0.355 0.645
0.745 0.97
0.36 0.665
0.28 0.915
0.375 0.525
0.355 0.975
0.33 0.945
0.79 0.96
0.295 0.565
0.795 0.965
0.36 0.645
0.315 0.94
0.33 0.925
0.02 0.195
0.725 0.995
0.375 0.665
0.31 0.925
0.325 0.92
0.64 0.53
0.28 0.9
0.285 0.92
0.19 0.91
0.03 0.715
0.18 0.325
0.275 0.89
0.755 0.525
0.31 0.555
0.345 0.925
0.65 0.525
0.725 0.95
0.41 0.71
0.525 0.55
0.08 0.73
0.675 0.55
0.4 0.65
0.13 0.89
0.09 0.735
0.16 0.91
0.325 0.99
0.175 0.91
0.635 0.54
0.01 0.16
0.14 0.895
0.375 0.64
0.63 0.535
0.275 0.91
0.35 0.65
0.42 0.69
0.315 0.91
0.095 0.705
0.43 0.77
0.26 0.885
0.14 0.89
0.635 0.525
0.63 0.525
0.785 0.965
0.185 0.895
0.085 0.71
0.08 0.72
0.19 0.9
0.31 0.925
0.75 0.99
0.225 0.94
0.18 0.975
0.145 0.885
0.28 0.94
0.395 0.665
0.245 0.93
0.01 0.17
0.705 0.995
0.305 0.915
0.05 0.985
0.095 0.725
0.345 0.64
0.275 0.89
0.265 0.885
0.4 0.105
0.65 0.525
0.355 0.965
0.425 0.685
0.42 0.585
0.085 0.74
0.395 0.645
0.65 0.525
0.355 0.97
0.645 0.53
0.12 0.86
0.395 0.59
0.65 0.525
0.365 0.665
0.02 0.89
0.11 0.885
0.04 0.94
0.355 0.65
0.09 0.705
0.765 0.96
0.27 0.885
0.345 0.56
0.16 0.065
0.205 0.035
0.065 0.99
0.195 0.01
0.3 0.56
0.415 0.695
0.295 0.56
0.08 0.925
0.645 0.535
0.79 0.965
0.08 0.73
0.095 0.87
0.705 0.56
0.105 0.88
0.09 0.72
0.645 0.52
0.68 0.985
0.165 0.89
0.095 0.74
0.725 0.96
0.155 0.885
0.15 0.885
0.68 0.98
0.715 0.96
0.375 0.665
0.265 0.895
0.83 0.96
0.16 0.96
0.695 0.995
0.155 0.02
0.725 0.99
0.185 0.975
0.335 0.925
0.16 0.975
0.745 0.985
0.205 0.9
0.745 0.985
0.75 0.98
0.2 0.965
0.23 0.9
0.29 0.94
0.705 0.965
0.69 0.97
0.135 0.03
0.19 0.97
0.285 0.905
0.29 0.905
0.71 0.99
0.4 0.66
0.105 0.725
0.405 0.71
0.405 0.705
0.405 0.71
0.405 0.705
0.12 0.86
0.33 0.015
0.405 0.7
0.405 0.7
0.68 0.555
0.36 0.655
0.14 0.98
0.33 0.565
0.33 0.925
0.72 0.995
0.19 0.955
0.31 0.91
0.715 0.55
0.35 0.955
0.675 0.98
0.09 0.72
0.145 0.885
0.125 0.95
0.33 0.925
0.405 0.67
0.355 0.65
0.15 0.885
0.68 0.98
0.37 0.64
0.725 0.995
0.365 0.645
0.635 0.535
0.38 0.65
0.195 0.99
0.375 0.64
0.01 0.195
0.215 0.995
0.34 0.92
0.015 0.195
0.185 0.925
0.155 0.87
0.175 0.99
0.22 0.95
0.33 0.91
0.385 0.645
0.35 0.9
0.34 0.915
0.015 0.185
0.805 0.95
0.245 0.955
0.16 0.88
0.39 0.645
0.385 0.645
0.285 0.92
0.715 0.96
0.45 0.915
0.375 0.675
0.965 0.99
0.965 0.995
0.29 0.9
0.045 0.17
0.965 0.995
0.445 0.91
0.125 0.115
0.025 0.21
0.425 0.585
0.36 0.67
0.165 0.845
0.385 0.585
0.03 0.72
0.845 0.955
0.84 0.955
0.445 0.38
0.295 0.56
0.355 0.665
0.435 0.74
0.085 0.72
0.425 0.68
0.42 0.575
0.155 0.07
0.2 0.035
0.06 0.905
0.33 0.925
0.32 0.015
0.33 0.925
0.17 0.055
0.14 0.92
0.065 0.92
0.165 0.995
0.08 0.73
0.705 0.545
0.34 0.92
0.14 0.905
0.155 0.9
0.16 0.015
0.365 0.655
0.225 0.89
0.39 0.65
0.295 0.935
0.14 0.895
0.385 0.66
0.375 0.665
0.705 0.965
0.155 0.88
0.15 0.885
0.69 0.99
0.715 0.96
0.195 0.955
0.72 0.96
0.3 0.565
0.38 0.67
0.68 0.97
0.725 0.98
0.635 0.53
0.755 0.98
0.155 0.865
0.345 0.645
0.74 0.965
0.355 0.9
0.29 0.9
0.33 0.925
0.71 0.965
0.39 0.645
0.355 0.905
0.76 0.99
0.375 0.64
0.085 0.71
0.785 0.965
0.325 0.92
0.395 0.645
0.01 0.17
0.275 0.895
0.12 0.93
0.77 0.965
0.385 0.585
0.285 0.895
0.045 0.12
0.28 0.89
0.3 0.445
0.71 0.96
0.39 0.635
0.2 0.03
0.645 0.535
0.33 0.64
0.375 0.67
0.72 0.96
0.285 0.9
0.65 0.53
0.355 0.975
0.12 0.855
0.075 0.73
0.35 0.98
0.105 0.88
0.33 0.565
0.1 0.88
0.185 0.475
0.645 0.525
0.16 0.845
0.695 0.535
0.08 0.72
0.025 0.405
0.675 0.55
0.435 0.745
0.4 0.64
0.645 0.52
0.83 0.965
0.36 0.825
0.38 0.67
0.725 0.995
0.355 0.65
0.725 0.98
0.375 0.665
0.725 0.985
0.18 0.93
0.735 0.97
0.175 0.89
0.15 0.885
0.725 0.98
0.165 0.89
0.135 0.98
0.345 0.9
0.645 0.52
0.145 0.885
0.68 0.985
0.13 0.965
0.19 0.95
0.195 0.985
0.13 0.965
0.13 0.965
0.68 0.545
0.965 0.995
0.385 0.64
0.77 0.965
0.185 0.97
0.385 0.645
0.295 0.905
0.405 0.645
0.265 0.89
0.33 0.64
0.705 0.965
0.695 0.965
0.4 0.89
0.43 0.595
0.195 0.885
0.085 0.715
0.785 0.525
0.16 0.935
0.36 0.515
0.035 0.375
0.285 0.895
0.975 0.99
0.69 0.96
0.165 0.365
0.11 0.7
0.3 0.725
0.425 0.575
0.8 0.62
0.485 0.055
0.165 0.12
0.205 0.02
0.425 0.575
0.16 0.125
0.03 0.21
0.395 0.64
0.145 0.885
0.64 0.535
0.64 0.54
0.84 0.955
0.35 0.975
0.375 0.525
0.69 0.545
0.145 0.87
0.39 0.645
0.165 0.885
0.725 0.995
0.35 0.645
0.345 0.645
0.355 0.645
0.36 0.52
0.425 0.685
0.385 0.635
0.395 0.645
0.12 0.95
0.325 0.01
0.09 0.72
0.09 0.72
0.64 0.535
0.085 0.72
0.01 0.165
0.355 0.91
0.135 0.98
0.395 0.645
0.095 0.725
0.4 0.66
0.645 0.52
0.645 0.52
0.09 0.72
0.725 0.98
0.33 0.92
0.725 0.98
0.39 0.655
0.4 0.665
0.35 0.98
0.355 0.96
0.265 0.885
0.16 0.13
0.385 0.585
0.675 0.99
0.76 0.525
0.405 0.7
0.625 0.535
0.29 0.56
0.675 0.555
0.29 0.555
0.275 0.895
0.4 0.64
0.155 0.07
0.02 0.6
0.68 0.555
0.1 0.74
0.635 0.54
0.42 0.69
0.42 0.695
0.09 0.72
0.28 0.91
0.01 0.165
0.725 0.98
0.16 0.96
0.15 0.895
0.645 0.52
0.35 0.905
0.28 0.91
0.33 0.925
0.25 0.96
0.325 0.915
0.705 0.995
0.2 0.895
0.2 0.965
0.35 0.97
0.84 0.955
0.26 0.885
0.145 0.375
0.16 0.365
0.045 0.025
0.355 0.96
0.36 0.655
0.35 0.65
0.35 0.645
0.14 0.88
0.305 0.925
0.36 0.645
0.28 0.91
0.28 0.91
0.15 0.885
0.735 0.995
0.285 0.905
0.73 0.995
0.215 0.915
0.37 0.645
0.38 0.67
0.385 0.645
0.245 0.935
0.365 0.645
0.28 0.905
0.185 0.975
0.16 0.88
0.35 0.645
0.355 0.645
0.295 0.56
0.305 0.44
0.705 0.96
0.845 0.96
0.355 0.665
0.965 0.995
0.5 0.535
0.62 0.535
0.62 0.535
0.835 0.96
0.155 0.08
0.425 0.68
0.405 0.705
0.36 0.915
0.31 0.9
0.66 0.52
0.155 0.905
0.675 0.98
0.105 0.88
0.155 0.885
0.395 0.65
0.165 0.885
0.16 0.01
0.165 0.02
0.28 0.91
0.24 0.925
0.705 0.995
0.635 0.54
0.395 0.645
0.365 0.645
0.64 0.53
0.395 0.645
0.715 0.96
0.35 0.96
0.19 0.96
0.705 0.55
0.68 0.555
0.76 0.525
0.345 0.64
0.385 0.84
0.305 0.44
0.715 0.955
0.76 0.965
0.08 0.71
0.965 0.995
0.14 0.89
0.085 0.72
0.025 0.405
0.085 0.72
0.715 0.535
0.425 0.69
0.695 0.535
0.265 0.885
0.27 0.885
0.765 0.96
0.725 0.98
0.355 0.65
0.725 0.98
0.15 0.885
0.715 0.98
0.725 0.98
0.295 0.92
0.295 0.92
0.145 0.885
0.33 0.91
0.325 0.915
0.74 0.99
0.305 0.915
0.14 0.89
0.165 0.865
0.04 0.145
0.395 0.64
0.705 0.965
0.105 0.865
0.12 0.88
0.685 0.52
0.315 0.9
0.305 0.555
0.2 0.03
0.425 0.575
0.485 0.995
0.8 0.325
0.16 0.08
0.27 0.46
0.02 0.21
0.65 0.53
0.805 0.64
0.295 0.9
0.7 0.955
0.035 0.105
0.645 0.535
0.64 0.54
0.03 0.21
0.32 0.94
0.645 0.52
0.32 0.925
0.105 0.875
0.365 0.655
0.33 0.925
0.33 0.925
0.26 0.995
0.35 0.965
0.375 0.64
0.735 0.97
0.28 0.915
0.8 0.535
0.65 0.525
0.155 0.075
0.31 0.93
0.345 0.92
0.345 0.645
0.365 0.645
0.135 0.92
0.105 0.88
0.34 0.985
0.335 0.99
0.375 0.665
0.385 0.67
0.09 0.735
0.325 0.91
0.155 0.955
0.245 0.955
0.18 0.975
0.405 0.71
0.355 0.96
0.015 0.935
0.015 0.07
0.165 0.845
0.32 0.43
0.395 0.645
0.04 0.085
0.065 0.375
0.14 0.065
0.12 0.965
0.37 0.665
0.645 0.52
0.71 0.55
0.745 0.99
0.19 0.985
0.16 0.91
0.155 0.885
0.705 0.565
0.385 0.665
0.35 0.965
0.71 0.965
0.375 0.64
0.35 0.895
0.44 0.75
0.3 0.92
0.775 0.97
0.71 0.96
0.71 0.96
0.305 0.91
0.14 0.89
0.16 0.86
0.085 0.715
0.67 0.99
0.085 0.89
0.105 0.725
0.085 0.72
0.195 0.96
0.725 0.995
0.16 0.91
0.15 0.885
0.2 0.92
0.145 0.885
0.2 0.96
0.18 0.985
0.14 0.89
0.285 0.92
0.35 0.9
0.635 0.53
0.995 0.915
0.625 0.525
0.69 0.96
0.3 0.555
0.265 0.885
0.88 0.95
0.155 0.12
0.52 0.545
0.34 0.565
0.675 0.55
0.08 0.71
0.34 0.565
0.345 0.645
0.645 0.53
0.34 0.92
0.375 0.67
0.65 0.53
0.675 0.965
0.33 0.925
0.28 0.55
0.09 0.705
0.285 0.895
0.67 0.5
0.065 0.99
0.34 0.02
0.205 0.02
0.035 0.805
0.085 0.445
0.385 0.675
0.11 0.875
0.78 0.65
0.375 0.67
0.095 0.72
0.165 0.935
0.42 0.68
0.09 0.72
0.145 0.885
0.35 0.97
0.145 0.01
0.35 0.905
0.155 0.04
0.15 0.875
0.145 0.885
0.715 0.96
0.715 0.96
0.72 0.96
0.725 0.98
0.295 0.925
0.14 0.89
0.4 0.665
0.335 0.925
0.255 0.94
0.15 0.98
0.185 0.995
0.19 0.895
0.2 0.91
0.135 0.965
0.395 0.665
0.39 0.645
0.8 0.945
0.705 0.965
0.39 0.645
0.185 0.89
0.14 0.855
0.715 0.55
0.35 0.01
0.405 0.71
0.405 0.7
0.68 0.555
0.405 0.7
0.655 0.525
0.01 0.735
0.175 0.94
0.045 0.985
0.675 0.98
0.99 0.92
0.09 0.735
0.195 0.96
0.1 0.87
0.705 0.965
0.17 0.03
0.295 0.935
0.75 0.99
0.385 0.65
0.18 0.955
0.25 0.925
0.76 0.98
0.375 0.64
0.4 0.64
0.28 0.9
0.73 0.995
0.695 0.975
0.735 0.97
0.285 0.92
0.375 0.665
0.145 0.885
0.335 0.9
0.725 0.985
0.215 0.895
0.175 0.95
0.385 0.645
0.35 0.91
0.38 0.665
0.69 0.545
0.145 0.87
0.38 0.65
0.355 0.645
0.445 0.91
0.375 0.675
0.1 0.52
0.375 0.68
0.445 0.91
0.445 0.91
0.965 0.995
0.445 0.91
0.525 0.3
0.965 0.99
0.63 0.185
0.4 0.705
0.965 0.995
0.75 0.525
0.1 0.245
0.575 0.4
0.59 0.46
0.53 0.72
0.78 0.86
0.665 0.975
0.16 0.13
0.2 0.62
0.025 0.21
0.055 0.085
0.675 0.55
0.37 0.665
0.375 0.68
0.03 0.205
0.405 0.7
0.405 0.71
0.675 0.55
0.675 0.56
0.32 0.01
0.29 0.56
0.675 0.555
0.675 0.555
0.085 0.705
0.31 0.57
0.015 0.095
0.68 0.54
0.02 0.48
0.045 0.085
0.27 0.885
0.085 0.445
0.52 0.55
0.52 0.55
0.985 0.925
0.015 0.09
0.705 0.53
0.36 0.955
0.685 0.955
0.13 0.135
0.33 0.925
0.345 0.825
0.485 0.045
0.64 0.54
0.33 0.925
0.38 0.675
0.035 0.165
0.33 0.925
0.375 0.665
0.125 0.955
0.085 0.72
0.145 0.885
0.15 0.885
0.15 0.04
0.68 0.985
0.645 0.525
0.165 0.89
0.17 0.965
0.725 0.98
0.705 0.995
0.375 0.64
0.29 0.9
0.675 0.98
0.35 0.645
0.725 0.995
0.37 0.665
0.35 0.645
0.33 0.9
0.35 0.645
0.035 0.99
0.37 0.64
0.115 0.875
0.19 0.95
0.155 0.865
0.215 0.92
0.19 0.95
0.1 0.88
0.03 0.805
0.1 0.88
0.295 0.935
0.395 0.645
0.295 0.905
0.01 0.165
0.355 0.91
0.01 0.165
0.09 0.72
0.79 0.965
0.13 0.975
0.355 0.9
0.14 0.88
0.34 0.925
0.38 0.67
0.705 0.995
0.22 0.945
0.69 0.545
0.335 0.92
0.17 0.97
0.395 0.645
0.175 0.88
0.4 0.66
0.29 0.9
0.35 0.955
0.305 0.94
0.3 0.905
0.14 0.885
0.155 0.86
0.285 0.895
0.305 0.44
0.29 0.895
0.295 0.9
0.32 0.43
0.675 0.955
0.485 0.995
0.265 0.86
0.295 0.72
0.19 0.095
0.96 0.995
0.375 0.68
0.96 0.995
0.325 0.015
0.405 0.705
0.295 0.56
0.32 0.01
0.78 0.96
0.665 0.52
0.42 0.575
0.075 0.08
0.025 0.21
0.37 0.665
0.375 0.665
0.09 0.735
0.095 0.735
0.375 0.67
0.645 0.53
0.33 0.92
0.095 0.735
0.285 0.9
0.77 0.96
0.835 0.96
0.42 0.7
0.35 0.98
0.345 0.825
0.705 0.55
0.405 0.71
0.38 0.675
0.02 0.19
0.285 0.905
0.16 0.915
0.115 0.87
0.4 0.655
0.015 0.155
0.83 0.96
0.155 0.045
0.65 0.53
0.32 0.94
0.355 0.97
0.04 0.8
0.695 0.545
0.105 0.71
0.015 0.165
0.42 0.7
0.2 0.03
0.355 0.975
0.165 0.85
0.405 0.65
0.17 0.12
0.685 0.54
0.64 0.535
0.335 0.99
0.335 0.99
0.025 0.975
0.23 0.99
0.275 0.91
0.255 0.95
0.28 0.915
0.24 0.925
0.255 0.95
0.35 0.965
0.21 0.95
0.295 0.92
0.29 0.915
0.71 0.55
0.195 0.96
0.68 0.98
0.245 0.96
0.13 0.965
0.68 0.97
0.685 0.54
0.4 0.64
0.135 0.845
0.715 0.955
0.77 0.96
0.705 0.965
0.715 0.535
0.7 0.535
0.4 0.64
0.725 0.955
0.725 0.96
0.635 0.53
0.165 0.845
0.32 0.555
0.41 0.57
0.41 0.57
0.41 0.57
0.295 0.9
0.415 0.57
0.415 0.57
0.415 0.57
0.5 0.72
0.295 0.905
0.69 0.545
0.65 0.525
0.65 0.525
0.785 0.525
0.125 0.86
0.985 0.915
0.39 0.635
0.42 0.57
0.42 0.57
0.7 0.955
0.7 0.955
0.295 0.9
0.275 0.46
0.485 0.995
0.485 0.995
0.295 0.72
0.405 0.645
0.32 0.43
0.805 0.635
0.71 0.46
0.2 0.38
0.855 0.595
0.52 0.89
0.18 0.09
0.555 0.96
0.3 0.055
0.52 0.89
0.885 0.86
0.215 0.4
